Origin,   Shake,    Average,    Moving,     IIR
583,  0,  0,  583,  26
584,  0,  0,  584,  43
585,  0,  583,  585,  59
586,  0,  583,  586,  75
587,  0,  583,  587,  90
588,  0,  583,  588,  105
589,  0,  587,  589,  120
590,  0,  587,  586,  134
591,  591,  587,  587,  148
592,  592,  587,  588,  161
593,  593,  591,  589,  174
594,  594,  591,  590,  187
595,  595,  591,  591,  199
596,  596,  591,  592,  211
597,  597,  595,  593,  223
598,  598,  595,  594,  234
599,  599,  595,  595,  245
600,  600,  595,  596,  256
601,  601,  599,  597,  266
602,  602,  599,  598,  276
603,  603,  599,  599,  286
604,  604,  599,  600,  295
605,  605,  603,  601,  304
606,  606,  603,  602,  313
607,  607,  603,  603,  322
608,  608,  603,  604,  330
609,  609,  607,  605,  338
610,  610,  607,  606,  346
611,  611,  607,  607,  354
612,  612,  607,  608,  362
613,  613,  611,  609,  369
614,  614,  611,  610,  376
615,  615,  611,  611,  383
616,  616,  611,  612,  390
617,  617,  615,  613,  397
618,  618,  615,  614,  403
619,  619,  615,  615,  409
620,  620,  615,  616,  415
621,  621,  619,  617,  421
622,  622,  619,  618,  427
623,  623,  619,  619,  433
624,  624,  619,  620,  438
625,  625,  623,  621,  443
626,  626,  623,  622,  448
627,  627,  623,  623,  453
628,  628,  623,  624,  458
629,  629,  627,  625,  463
630,  630,  627,  626,  468
631,  631,  627,  627,  473
632,  632,  627,  628,  477
633,  633,  631,  629,  481
634,  634,  631,  630,  485
635,  635,  631,  631,  489
636,  636,  631,  632,  493
637,  637,  635,  633,  497
638,  638,  635,  634,  501
639,  639,  635,  635,  505
640,  640,  635,  636,  509
641,  641,  639,  637,  513
642,  642,  639,  638,  517
643,  643,  639,  639,  520
644,  644,  639,  640,  523
645,  645,  643,  641,  526
646,  646,  643,  642,  529
647,  647,  643,  643,  532
648,  648,  643,  644,  535
649,  649,  647,  645,  538
650,  650,  647,  646,  541
651,  651,  647,  647,  544
652,  652,  647,  648,  547
653,  653,  651,  649,  550
654,  654,  651,  650,  553
655,  655,  651,  651,  556
656,  656,  651,  652,  559
657,  657,  655,  653,  562
658,  658,  655,  654,  564
659,  659,  655,  655,  566
660,  660,  655,  656,  568
661,  661,  659,  657,  570
662,  662,  659,  658,  572
663,  663,  659,  659,  574
664,  664,  659,  660,  576
665,  665,  663,  661,  578
666,  666,  663,  662,  580
667,  667,  663,  663,  582
668,  668,  663,  664,  584
669,  669,  667,  665,  586
670,  670,  667,  666,  588
671,  671,  667,  667,  590
672,  672,  667,  668,  592
673,  673,  671,  669,  594
674,  674,  671,  670,  596
675,  675,  671,  671,  598
676,  676,  671,  672,  600
677,  677,  675,  673,  602
678,  678,  675,  674,  604
679,  679,  675,  675,  606
680,  680,  675,  676,  608
681,  681,  679,  677,  610
682,  682,  679,  678,  612
683,  683,  679,  679,  614
684,  684,  679,  680,  616
685,  685,  683,  681,  618
686,  686,  683,  682,  620
687,  687,  683,  683,  622
688,  688,  683,  684,  624
689,  689,  687,  685,  626
690,  690,  687,  686,  627
691,  691,  687,  687,  628
692,  692,  687,  688,  629
693,  693,  691,  689,  630
694,  694,  691,  690,  631
695,  695,  691,  691,  632
696,  696,  691,  692,  633
697,  697,  695,  693,  634
698,  698,  695,  694,  635
699,  699,  695,  695,  636
700,  700,  695,  696,  637
701,  701,  699,  697,  638
702,  702,  699,  698,  639
703,  703,  699,  699,  640
704,  704,  699,  700,  641
705,  705,  703,  701,  642
706,  706,  703,  702,  643
707,  707,  703,  703,  644
708,  708,  703,  704,  645
709,  709,  707,  705,  646
710,  710,  707,  706,  647
711,  711,  707,  707,  648
712,  712,  707,  708,  649
713,  713,  711,  709,  650
714,  714,  711,  710,  651
715,  715,  711,  711,  652
716,  716,  711,  712,  653
717,  717,  715,  713,  654
718,  718,  715,  714,  655
719,  719,  715,  715,  656
720,  720,  715,  716,  657
721,  721,  719,  717,  658
722,  722,  719,  718,  659
723,  723,  719,  719,  660
724,  724,  719,  720,  661
725,  725,  723,  721,  662
726,  726,  723,  722,  663
727,  727,  723,  723,  664
728,  728,  723,  724,  665
729,  729,  727,  725,  666
730,  730,  727,  726,  667
731,  731,  727,  727,  668
732,  732,  727,  728,  669
733,  733,  731,  729,  670
734,  734,  731,  730,  671
735,  735,  731,  731,  672
736,  736,  731,  732,  673
737,  737,  735,  733,  674
738,  738,  735,  734,  675
739,  739,  735,  735,  676
740,  740,  735,  736,  677
741,  741,  739,  737,  678
742,  742,  739,  738,  679
743,  743,  739,  739,  680
744,  744,  739,  740,  681
745,  745,  743,  741,  682
746,  746,  743,  742,  683
747,  747,  743,  743,  684
748,  748,  743,  744,  685
749,  749,  747,  745,  686
750,  750,  747,  746,  687
751,  751,  747,  747,  688
752,  752,  747,  748,  689
753,  753,  751,  749,  690
754,  754,  751,  750,  691
755,  755,  751,  751,  692
756,  756,  751,  752,  693
757,  757,  755,  753,  694
758,  758,  755,  754,  695
759,  759,  755,  755,  696
760,  760,  755,  756,  697
761,  761,  759,  757,  698
762,  762,  759,  758,  699
763,  763,  759,  759,  700
764,  764,  759,  760,  701
765,  765,  763,  761,  702
766,  766,  763,  762,  703
767,  767,  763,  763,  704
768,  768,  763,  764,  705
769,  769,  767,  765,  706
770,  770,  767,  766,  707
771,  771,  767,  767,  708
772,  772,  767,  768,  709
773,  773,  771,  769,  710
774,  774,  771,  770,  711
775,  775,  771,  771,  712
776,  776,  771,  772,  713
777,  777,  775,  773,  714
778,  778,  775,  774,  715
779,  779,  775,  775,  716
780,  780,  775,  776,  717
781,  781,  779,  777,  718
