Origin,   Shake,    Average,    Moving,     IIR
879,  0,  0,  879,  40
880,  0,  0,  880,  66
881,  0,  879,  881,  91
882,  0,  879,  882,  115
883,  0,  879,  883,  138
884,  0,  879,  884,  161
885,  0,  883,  885,  183
886,  0,  883,  882,  204
887,  887,  883,  883,  225
888,  888,  883,  884,  245
889,  889,  887,  885,  265
890,  890,  887,  886,  284
891,  891,  887,  887,  302
892,  892,  887,  888,  320
893,  893,  891,  889,  337
894,  894,  891,  890,  354
895,  895,  891,  891,  370
896,  896,  891,  892,  386
897,  897,  895,  893,  401
898,  898,  895,  894,  416
899,  899,  895,  895,  431
900,  900,  895,  896,  445
901,  901,  899,  897,  459
902,  902,  899,  898,  472
903,  903,  899,  899,  485
904,  904,  899,  900,  498
905,  905,  903,  901,  510
906,  906,  903,  902,  522
907,  907,  903,  903,  534
908,  908,  903,  904,  545
909,  909,  907,  905,  556
910,  910,  907,  906,  567
911,  911,  907,  907,  577
912,  912,  907,  908,  587
913,  913,  911,  909,  597
914,  914,  911,  910,  606
915,  915,  911,  911,  615
916,  916,  911,  912,  624
917,  917,  915,  913,  633
918,  918,  915,  914,  641
919,  919,  915,  915,  649
920,  920,  915,  916,  657
921,  921,  919,  917,  665
922,  922,  919,  918,  673
923,  923,  919,  919,  680
924,  924,  919,  920,  687
925,  925,  923,  921,  694
926,  926,  923,  922,  701
927,  927,  923,  923,  708
928,  928,  923,  924,  714
929,  929,  927,  925,  720
930,  930,  927,  926,  726
931,  931,  927,  927,  732
932,  932,  927,  928,  738
933,  933,  931,  929,  744
934,  934,  931,  930,  749
935,  935,  931,  931,  754
936,  936,  931,  932,  759
937,  937,  935,  933,  764
938,  938,  935,  934,  769
939,  939,  935,  935,  774
