Origin,   Shake,    Average,    Moving,     IIR
4071,  0,  0,  4071,  4070
4072,  0,  0,  4072,  4070
4073,  0,  4071,  4073,  4070
4074,  0,  4071,  4074,  4070
4075,  0,  4071,  4075,  4070
4076,  0,  4071,  4076,  4070
4077,  0,  4075,  4077,  4070
4078,  0,  4075,  4074,  4070
4079,  4079,  4075,  4075,  4070
4080,  4080,  4075,  4076,  4070
4081,  4081,  4079,  4077,  4070
4082,  4082,  4079,  4078,  4070
4083,  4083,  4079,  4079,  4070
4084,  4084,  4079,  4080,  4070
4085,  4085,  4083,  4081,  4070
4086,  4086,  4083,  4082,  4070
4087,  4087,  4083,  4083,  4070
4088,  4088,  4083,  4084,  4070
4089,  4089,  4087,  4085,  4070
4090,  4090,  4087,  4086,  4070
4091,  4091,  4087,  4087,  4070
4092,  4092,  4087,  4088,  4070
4093,  4093,  4091,  4089,  4070
4094,  4094,  4091,  4090,  4070
4095,  4095,  4091,  4091,  4070
4096,  4096,  4091,  4092,  4070
4097,  4097,  4095,  4093,  4070
4098,  4098,  4095,  4094,  4070
4099,  4099,  4095,  4095,  4070
4100,  4100,  4095,  4096,  4070
4101,  4101,  4099,  4097,  4070
4102,  4102,  4099,  4098,  4070
4103,  4103,  4099,  4099,  4071
4104,  4104,  4099,  4100,  4072
4105,  4105,  4103,  4101,  4073
4106,  4106,  4103,  4102,  4074
4107,  4107,  4103,  4103,  4075
4108,  4108,  4103,  4104,  4076
4109,  4109,  4107,  4105,  4077
4110,  4110,  4107,  4106,  4078
4111,  4111,  4107,  4107,  4079
4112,  4112,  4107,  4108,  4080
4113,  4113,  4111,  4109,  4081
4114,  4114,  4111,  4110,  4082
4115,  4115,  4111,  4111,  4083
4116,  4116,  4111,  4112,  4084
4117,  4117,  4115,  4113,  4085
4118,  4118,  4115,  4114,  4086
4119,  4119,  4115,  4115,  4087
4120,  4120,  4115,  4116,  4088
4121,  4121,  4119,  4117,  4089
4122,  4122,  4119,  4118,  4090
4123,  4123,  4119,  4119,  4091
4124,  4124,  4119,  4120,  4092
4125,  4125,  4123,  4121,  4093
4126,  4126,  4123,  4122,  4094
4127,  4127,  4123,  4123,  4095
4128,  4128,  4123,  4124,  4096
4129,  4129,  4127,  4125,  4097
4130,  4130,  4127,  4126,  4098
4131,  4131,  4127,  4127,  4099
4132,  4132,  4127,  4128,  4100
4133,  4133,  4131,  4129,  4101
4134,  4134,  4131,  4130,  4102
4135,  4135,  4131,  4131,  4103
4136,  4136,  4131,  4132,  4104
4137,  4137,  4135,  4133,  4105
4138,  4138,  4135,  4134,  4106
4139,  4139,  4135,  4135,  4107
4140,  4140,  4135,  4136,  4108
4141,  4141,  4139,  4137,  4109
4142,  4142,  4139,  4138,  4110
4143,  4143,  4139,  4139,  4111
4144,  4144,  4139,  4140,  4112
4145,  4145,  4143,  4141,  4113
4146,  4146,  4143,  4142,  4114
4147,  4147,  4143,  4143,  4115
4148,  4148,  4143,  4144,  4116
4149,  4149,  4147,  4145,  4117
4150,  4150,  4147,  4146,  4118
4151,  4151,  4147,  4147,  4119
4152,  4152,  4147,  4148,  4120
4153,  4153,  4151,  4149,  4121
4154,  4154,  4151,  4150,  4122
4155,  4155,  4151,  4151,  4123
4156,  4156,  4151,  4152,  4124
4157,  4157,  4155,  4153,  4125
4158,  4158,  4155,  4154,  4126
4159,  4159,  4155,  4155,  4127
4160,  4160,  4155,  4156,  4128
4161,  4161,  4159,  4157,  4129
4162,  4162,  4159,  4158,  4130
4163,  4163,  4159,  4159,  4131
4164,  4164,  4159,  4160,  4132
4165,  4165,  4163,  4161,  4133
4166,  4166,  4163,  4162,  4134
4167,  4167,  4163,  4163,  4135
4168,  4168,  4163,  4164,  4136
4169,  4169,  4167,  4165,  4137
4170,  4170,  4167,  4166,  4138
4171,  4171,  4167,  4167,  4139
4172,  4172,  4167,  4168,  4140
4173,  4173,  4171,  4169,  4141
4174,  4174,  4171,  4170,  4142
4175,  4175,  4171,  4171,  4143
4176,  4176,  4171,  4172,  4144
4177,  4177,  4175,  4173,  4145
4178,  4178,  4175,  4174,  4146
4179,  4179,  4175,  4175,  4147
4180,  4180,  4175,  4176,  4148
4181,  4181,  4179,  4177,  4149
4182,  4182,  4179,  4178,  4150
4183,  4183,  4179,  4179,  4151
4184,  4184,  4179,  4180,  4152
4185,  4185,  4183,  4181,  4153
4186,  4186,  4183,  4182,  4154
4187,  4187,  4183,  4183,  4155
4188,  4188,  4183,  4184,  4156
4189,  4189,  4187,  4185,  4157
4190,  4190,  4187,  4186,  4158
4191,  4191,  4187,  4187,  4159
