Origin,   Shake,    Average,    Moving,     IIR
4397,  0,  0,  4397,  4396
4398,  0,  0,  4398,  4396
4399,  0,  4397,  4399,  4396
4400,  0,  4397,  4400,  4396
4401,  0,  4397,  4401,  4396
4402,  0,  4397,  4402,  4396
4403,  0,  4401,  4403,  4396
4404,  0,  4401,  4400,  4396
4405,  4405,  4401,  4401,  4396
4406,  4406,  4401,  4402,  4396
4407,  4407,  4405,  4403,  4396
4408,  4408,  4405,  4404,  4396
4409,  4409,  4405,  4405,  4396
4410,  4410,  4405,  4406,  4396
4411,  4411,  4409,  4407,  4396
4412,  4412,  4409,  4408,  4396
4413,  4413,  4409,  4409,  4396
4414,  4414,  4409,  4410,  4396
4415,  4415,  4413,  4411,  4396
4416,  4416,  4413,  4412,  4396
4417,  4417,  4413,  4413,  4396
4418,  4418,  4413,  4414,  4396
4419,  4419,  4417,  4415,  4396
4420,  4420,  4417,  4416,  4396
4421,  4421,  4417,  4417,  4396
4422,  4422,  4417,  4418,  4396
4423,  4423,  4421,  4419,  4396
4424,  4424,  4421,  4420,  4396
4425,  4425,  4421,  4421,  4396
4426,  4426,  4421,  4422,  4396
4427,  4427,  4425,  4423,  4396
4428,  4428,  4425,  4424,  4396
4429,  4429,  4425,  4425,  4397
4430,  4430,  4425,  4426,  4398
4431,  4431,  4429,  4427,  4399
4432,  4432,  4429,  4428,  4400
4433,  4433,  4429,  4429,  4401
4434,  4434,  4429,  4430,  4402
4435,  4435,  4433,  4431,  4403
4436,  4436,  4433,  4432,  4404
4437,  4437,  4433,  4433,  4405
4438,  4438,  4433,  4434,  4406
4439,  4439,  4437,  4435,  4407
4440,  4440,  4437,  4436,  4408
4441,  4441,  4437,  4437,  4409
4442,  4442,  4437,  4438,  4410
4443,  4443,  4441,  4439,  4411
4444,  4444,  4441,  4440,  4412
4445,  4445,  4441,  4441,  4413
4446,  4446,  4441,  4442,  4414
4447,  4447,  4445,  4443,  4415
4448,  4448,  4445,  4444,  4416
4449,  4449,  4445,  4445,  4417
4450,  4450,  4445,  4446,  4418
4451,  4451,  4449,  4447,  4419
4452,  4452,  4449,  4448,  4420
4453,  4453,  4449,  4449,  4421
4454,  4454,  4449,  4450,  4422
4455,  4455,  4453,  4451,  4423
4456,  4456,  4453,  4452,  4424
4457,  4457,  4453,  4453,  4425
4458,  4458,  4453,  4454,  4426
4459,  4459,  4457,  4455,  4427
4460,  4460,  4457,  4456,  4428
4461,  4461,  4457,  4457,  4429
4462,  4462,  4457,  4458,  4430
4463,  4463,  4461,  4459,  4431
4464,  4464,  4461,  4460,  4432
4465,  4465,  4461,  4461,  4433
4466,  4466,  4461,  4462,  4434
4467,  4467,  4465,  4463,  4435
4468,  4468,  4465,  4464,  4436
4469,  4469,  4465,  4465,  4437
4470,  4470,  4465,  4466,  4438
4471,  4471,  4469,  4467,  4439
4472,  4472,  4469,  4468,  4440
4473,  4473,  4469,  4469,  4441
4474,  4474,  4469,  4470,  4442
4475,  4475,  4473,  4471,  4443
4476,  4476,  4473,  4472,  4444
4477,  4477,  4473,  4473,  4445
4478,  4478,  4473,  4474,  4446
4479,  4479,  4477,  4475,  4447
4480,  4480,  4477,  4476,  4448
4481,  4481,  4477,  4477,  4449
4482,  4482,  4477,  4478,  4450
4483,  4483,  4481,  4479,  4451
4484,  4484,  4481,  4480,  4452
4485,  4485,  4481,  4481,  4453
4486,  4486,  4481,  4482,  4454
4487,  4487,  4485,  4483,  4455
4488,  4488,  4485,  4484,  4456
4489,  4489,  4485,  4485,  4457
4490,  4490,  4485,  4486,  4458
4491,  4491,  4489,  4487,  4459
4492,  4492,  4489,  4488,  4460
4493,  4493,  4489,  4489,  4461
4494,  4494,  4489,  4490,  4462
4495,  4495,  4493,  4491,  4463
4496,  4496,  4493,  4492,  4464
4497,  4497,  4493,  4493,  4465
4498,  4498,  4493,  4494,  4466
4499,  4499,  4497,  4495,  4467
4500,  4500,  4497,  4496,  4468
4501,  4501,  4497,  4497,  4469
4502,  4502,  4497,  4498,  4470
4503,  4503,  4501,  4499,  4471
4504,  4504,  4501,  4500,  4472
4505,  4505,  4501,  4501,  4473
4506,  4506,  4501,  4502,  4474
4507,  4507,  4505,  4503,  4475
4508,  4508,  4505,  4504,  4476
4509,  4509,  4505,  4505,  4477
4510,  4510,  4505,  4506,  4478
4511,  4511,  4509,  4507,  4479
4512,  4512,  4509,  4508,  4480
4513,  4513,  4509,  4509,  4481
4514,  4514,  4509,  4510,  4482
4515,  4515,  4513,  4511,  4483
4516,  4516,  4513,  4512,  4484
4517,  4517,  4513,  4513,  4485
4518,  4518,  4513,  4514,  4486
