Origin,   Shake,    Average,    Moving,     IIR
458,  0,  0,  458,  21
459,  0,  0,  459,  34
460,  0,  458,  460,  47
461,  0,  458,  461,  59
462,  0,  458,  462,  71
463,  0,  458,  463,  83
464,  0,  462,  464,  94
465,  0,  462,  461,  105
466,  466,  462,  462,  116
467,  467,  462,  463,  126
468,  468,  466,  464,  136
469,  469,  466,  465,  146
470,  470,  466,  466,  156
471,  471,  466,  467,  165
472,  472,  470,  468,  174
473,  473,  470,  469,  183
474,  474,  470,  470,  192
475,  475,  470,  471,  200
476,  476,  474,  472,  208
477,  477,  474,  473,  216
478,  478,  474,  474,  224
479,  479,  474,  475,  231
480,  480,  478,  476,  238
481,  481,  478,  477,  245
482,  482,  478,  478,  252
483,  483,  478,  479,  259
484,  484,  482,  480,  266
485,  485,  482,  481,  272
486,  486,  482,  482,  278
487,  487,  482,  483,  284
488,  488,  486,  484,  290
489,  489,  486,  485,  296
490,  490,  486,  486,  302
491,  491,  486,  487,  307
492,  492,  490,  488,  312
493,  493,  490,  489,  317
494,  494,  490,  490,  322
495,  495,  490,  491,  327
496,  496,  494,  492,  332
497,  497,  494,  493,  337
498,  498,  494,  494,  342
499,  499,  494,  495,  346
500,  500,  498,  496,  350
501,  501,  498,  497,  354
502,  502,  498,  498,  358
503,  503,  498,  499,  362
504,  504,  502,  500,  366
505,  505,  502,  501,  370
506,  506,  502,  502,  374
507,  507,  502,  503,  378
508,  508,  506,  504,  382
509,  509,  506,  505,  385
510,  510,  506,  506,  388
511,  511,  506,  507,  391
512,  512,  510,  508,  394
513,  513,  510,  509,  397
514,  514,  510,  510,  400
515,  515,  510,  511,  403
516,  516,  514,  512,  406
517,  517,  514,  513,  409
518,  518,  514,  514,  412
519,  519,  514,  515,  415
520,  520,  518,  516,  418
521,  521,  518,  517,  421
522,  522,  518,  518,  424
523,  523,  518,  519,  427
524,  524,  522,  520,  430
525,  525,  522,  521,  432
526,  526,  522,  522,  434
527,  527,  522,  523,  436
528,  528,  526,  524,  438
529,  529,  526,  525,  440
530,  530,  526,  526,  442
531,  531,  526,  527,  444
532,  532,  530,  528,  446
533,  533,  530,  529,  448
534,  534,  530,  530,  450
535,  535,  530,  531,  452
536,  536,  534,  532,  454
537,  537,  534,  533,  456
538,  538,  534,  534,  458
539,  539,  534,  535,  460
540,  540,  538,  536,  462
541,  541,  538,  537,  464
542,  542,  538,  538,  466
543,  543,  538,  539,  468
544,  544,  542,  540,  470
545,  545,  542,  541,  472
546,  546,  542,  542,  474
547,  547,  542,  543,  476
548,  548,  546,  544,  478
549,  549,  546,  545,  480
550,  550,  546,  546,  482
551,  551,  546,  547,  484
552,  552,  550,  548,  486
553,  553,  550,  549,  488
554,  554,  550,  550,  490
555,  555,  550,  551,  492
556,  556,  554,  552,  493
557,  557,  554,  553,  494
558,  558,  554,  554,  495
559,  559,  554,  555,  496
560,  560,  558,  556,  497
561,  561,  558,  557,  498
562,  562,  558,  558,  499
563,  563,  558,  559,  500
564,  564,  562,  560,  501
565,  565,  562,  561,  502
566,  566,  562,  562,  503
567,  567,  562,  563,  504
568,  568,  566,  564,  505
569,  569,  566,  565,  506
570,  570,  566,  566,  507
571,  571,  566,  567,  508
572,  572,  570,  568,  509
573,  573,  570,  569,  510
574,  574,  570,  570,  511
575,  575,  570,  571,  512
576,  576,  574,  572,  513
577,  577,  574,  573,  514
578,  578,  574,  574,  515
579,  579,  574,  575,  516
580,  580,  578,  576,  517
581,  581,  578,  577,  518
582,  582,  578,  578,  519
583,  583,  578,  579,  520
584,  584,  582,  580,  521
585,  585,  582,  581,  522
586,  586,  582,  582,  523
587,  587,  582,  583,  524
588,  588,  586,  584,  525
589,  589,  586,  585,  526
590,  590,  586,  586,  527
591,  591,  586,  587,  528
592,  592,  590,  588,  529
593,  593,  590,  589,  530
594,  594,  590,  590,  531
595,  595,  590,  591,  532
596,  596,  594,  592,  533
597,  597,  594,  593,  534
598,  598,  594,  594,  535
599,  599,  594,  595,  536
600,  600,  598,  596,  537
601,  601,  598,  597,  538
602,  602,  598,  598,  539
603,  603,  598,  599,  540
604,  604,  602,  600,  541
605,  605,  602,  601,  542
606,  606,  602,  602,  543
607,  607,  602,  603,  544
608,  608,  606,  604,  545
609,  609,  606,  605,  546
610,  610,  606,  606,  547
611,  611,  606,  607,  548
612,  612,  610,  608,  549
613,  613,  610,  609,  550
614,  614,  610,  610,  551
615,  615,  610,  611,  552
616,  616,  614,  612,  553
617,  617,  614,  613,  554
618,  618,  614,  614,  555
619,  619,  614,  615,  556
620,  620,  618,  616,  557
621,  621,  618,  617,  558
622,  622,  618,  618,  559
623,  623,  618,  619,  560
624,  624,  622,  620,  561
625,  625,  622,  621,  562
626,  626,  622,  622,  563
627,  627,  622,  623,  564
628,  628,  626,  624,  565
629,  629,  626,  625,  566
630,  630,  626,  626,  567
631,  631,  626,  627,  568
632,  632,  630,  628,  569
633,  633,  630,  629,  570
634,  634,  630,  630,  571
635,  635,  630,  631,  572
636,  636,  634,  632,  573
