Origin,   Shake,    Average,    Moving,     IIR
131293,  0,  0,  131293,  131292
131294,  0,  0,  131294,  131292
131295,  0,  131293,  131295,  131292
131296,  0,  131293,  131296,  131292
131297,  0,  131293,  131297,  131292
131298,  0,  131293,  131298,  131292
131299,  0,  131297,  131299,  131292
131300,  0,  131297,  131296,  131292
131301,  131301,  131297,  131297,  131292
131302,  131302,  131297,  131298,  131292
131303,  131303,  131301,  131299,  131292
131304,  131304,  131301,  131300,  131292
131305,  131305,  131301,  131301,  131292
131306,  131306,  131301,  131302,  131292
131307,  131307,  131305,  131303,  131292
131308,  131308,  131305,  131304,  131292
131309,  131309,  131305,  131305,  131292
131310,  131310,  131305,  131306,  131292
131311,  131311,  131309,  131307,  131292
131312,  131312,  131309,  131308,  131292
131313,  131313,  131309,  131309,  131292
131314,  131314,  131309,  131310,  131292
131315,  131315,  131313,  131311,  131292
131316,  131316,  131313,  131312,  131292
131317,  131317,  131313,  131313,  131292
131318,  131318,  131313,  131314,  131292
131319,  131319,  131317,  131315,  131292
131320,  131320,  131317,  131316,  131292
131321,  131321,  131317,  131317,  131292
131322,  131322,  131317,  131318,  131292
131323,  131323,  131321,  131319,  131292
131324,  131324,  131321,  131320,  131292
131325,  131325,  131321,  131321,  131293
131326,  131326,  131321,  131322,  131294
131327,  131327,  131325,  131323,  131295
131328,  131328,  131325,  131324,  131296
131329,  131329,  131325,  131325,  131297
131330,  131330,  131325,  131326,  131298
131331,  131331,  131329,  131327,  131299
131332,  131332,  131329,  131328,  131300
131333,  131333,  131329,  131329,  131301
131334,  131334,  131329,  131330,  131302
131335,  131335,  131333,  131331,  131303
131336,  131336,  131333,  131332,  131304
131337,  131337,  131333,  131333,  131305
131338,  131338,  131333,  131334,  131306
131339,  131339,  131337,  131335,  131307
131340,  131340,  131337,  131336,  131308
131341,  131341,  131337,  131337,  131309
131342,  131342,  131337,  131338,  131310
131343,  131343,  131341,  131339,  131311
131344,  131344,  131341,  131340,  131312
131345,  131345,  131341,  131341,  131313
131346,  131346,  131341,  131342,  131314
131347,  131347,  131345,  131343,  131315
131348,  131348,  131345,  131344,  131316
131349,  131349,  131345,  131345,  131317
131350,  131350,  131345,  131346,  131318
131351,  131351,  131349,  131347,  131319
131352,  131352,  131349,  131348,  131320
131353,  131353,  131349,  131349,  131321
131354,  131354,  131349,  131350,  131322
131355,  131355,  131353,  131351,  131323
131356,  131356,  131353,  131352,  131324
131357,  131357,  131353,  131353,  131325
131358,  131358,  131353,  131354,  131326
131359,  131359,  131357,  131355,  131327
131360,  131360,  131357,  131356,  131328
131361,  131361,  131357,  131357,  131329
131362,  131362,  131357,  131358,  131330
131363,  131363,  131361,  131359,  131331
131364,  131364,  131361,  131360,  131332
131365,  131365,  131361,  131361,  131333
131366,  131366,  131361,  131362,  131334
131367,  131367,  131365,  131363,  131335
131368,  131368,  131365,  131364,  131336
131369,  131369,  131365,  131365,  131337
131370,  131370,  131365,  131366,  131338
131371,  131371,  131369,  131367,  131339
131372,  131372,  131369,  131368,  131340
131373,  131373,  131369,  131369,  131341
131374,  131374,  131369,  131370,  131342
131375,  131375,  131373,  131371,  131343
131376,  131376,  131373,  131372,  131344
131377,  131377,  131373,  131373,  131345
131378,  131378,  131373,  131374,  131346
131379,  131379,  131377,  131375,  131347
131380,  131380,  131377,  131376,  131348
131381,  131381,  131377,  131377,  131349
131382,  131382,  131377,  131378,  131350
131383,  131383,  131381,  131379,  131351
131384,  131384,  131381,  131380,  131352
131385,  131385,  131381,  131381,  131353
131386,  131386,  131381,  131382,  131354
131387,  131387,  131385,  131383,  131355
131388,  131388,  131385,  131384,  131356
131389,  131389,  131385,  131385,  131357
131390,  131390,  131385,  131386,  131358
131391,  131391,  131389,  131387,  131359
131392,  131392,  131389,  131388,  131360
131393,  131393,  131389,  131389,  131361
131394,  131394,  131389,  131390,  131362
131395,  131395,  131393,  131391,  131363
131396,  131396,  131393,  131392,  131364
131397,  131397,  131393,  131393,  131365
131398,  131398,  131393,  131394,  131366
131399,  131399,  131397,  131395,  131367
131400,  131400,  131397,  131396,  131368
131401,  131401,  131397,  131397,  131369
131402,  131402,  131397,  131398,  131370
131403,  131403,  131401,  131399,  131371
131404,  131404,  131401,  131400,  131372
131405,  131405,  131401,  131401,  131373
131406,  131406,  131401,  131402,  131374
131407,  131407,  131405,  131403,  131375
131408,  131408,  131405,  131404,  131376
131409,  131409,  131405,  131405,  131377
131410,  131410,  131405,  131406,  131378
131411,  131411,  131409,  131407,  131379
131412,  131412,  131409,  131408,  131380
131413,  131413,  131409,  131409,  131381
131414,  131414,  131409,  131410,  131382
131415,  131415,  131413,  131411,  131383
131416,  131416,  131413,  131412,  131384
131417,  131417,  131413,  131413,  131385
131418,  131418,  131413,  131414,  131386
131419,  131419,  131417,  131415,  131387
131420,  131420,  131417,  131416,  131388
131421,  131421,  131417,  131417,  131389
131422,  131422,  131417,  131418,  131390
131423,  131423,  131421,  131419,  131391
131424,  131424,  131421,  131420,  131392
131425,  131425,  131421,  131421,  131393
131426,  131426,  131421,  131422,  131394
131427,  131427,  131425,  131423,  131395
131428,  131428,  131425,  131424,  131396
131429,  131429,  131425,  131425,  131397
131430,  131430,  131425,  131426,  131398
131431,  131431,  131429,  131427,  131399
131432,  131432,  131429,  131428,  131400
131433,  131433,  131429,  131429,  131401
131434,  131434,  131429,  131430,  131402
131435,  131435,  131433,  131431,  131403
131436,  131436,  131433,  131432,  131404
131437,  131437,  131433,  131433,  131405
131438,  131438,  131433,  131434,  131406
131439,  131439,  131437,  131435,  131407
131440,  131440,  131437,  131436,  131408
131441,  131441,  131437,  131437,  131409
131442,  131442,  131437,  131438,  131410
131443,  131443,  131441,  131439,  131411
131444,  131444,  131441,  131440,  131412
131445,  131445,  131441,  131441,  131413
131446,  131446,  131441,  131442,  131414
131447,  131447,  131445,  131443,  131415
131448,  131448,  131445,  131444,  131416
131449,  131449,  131445,  131445,  131417
131450,  131450,  131445,  131446,  131418
131451,  131451,  131449,  131447,  131419
131452,  131452,  131449,  131448,  131420
131453,  131453,  131449,  131449,  131421
131454,  131454,  131449,  131450,  131422
131455,  131455,  131453,  131451,  131423
131456,  131456,  131453,  131452,  131424
131457,  131457,  131453,  131453,  131425
131458,  131458,  131453,  131454,  131426
131459,  131459,  131457,  131455,  131427
131460,  131460,  131457,  131456,  131428
131461,  131461,  131457,  131457,  131429
131462,  131462,  131457,  131458,  131430
131463,  131463,  131461,  131459,  131431
131464,  131464,  131461,  131460,  131432
131465,  131465,  131461,  131461,  131433
131466,  131466,  131461,  131462,  131434
131467,  131467,  131465,  131463,  131435
131468,  131468,  131465,  131464,  131436
131469,  131469,  131465,  131465,  131437
131470,  131470,  131465,  131466,  131438
131471,  131471,  131469,  131467,  131439
131472,  131472,  131469,  131468,  131440
131473,  131473,  131469,  131469,  131441
131474,  131474,  131469,  131470,  131442
131475,  131475,  131473,  131471,  131443
131476,  131476,  131473,  131472,  131444
131477,  131477,  131473,  131473,  131445
131478,  131478,  131473,  131474,  131446
131479,  131479,  131477,  131475,  131447
131480,  131480,  131477,  131476,  131448
131481,  131481,  131477,  131477,  131449
131482,  131482,  131477,  131478,  131450
131483,  131483,  131481,  131479,  131451
131484,  131484,  131481,  131480,  131452
131485,  131485,  131481,  131481,  131453
131486,  131486,  131481,  131482,  131454
131487,  131487,  131485,  131483,  131455
131488,  131488,  131485,  131484,  131456
131489,  131489,  131485,  131485,  131457
131490,  131490,  131485,  131486,  131458
131491,  131491,  131489,  131487,  131459
131492,  131492,  131489,  131488,  131460
131493,  131493,  131489,  131489,  131461
131494,  131494,  131489,  131490,  131462
131495,  131495,  131493,  131491,  131463
131496,  131496,  131493,  131492,  131464
131497,  131497,  131493,  131493,  131465
131498,  131498,  131493,  131494,  131466
131499,  131499,  131497,  131495,  131467
131500,  131500,  131497,  131496,  131468
131501,  131501,  131497,  131497,  131469
131502,  131301,  131497,  131498,  131470
131503,  131301,  131501,  131499,  131471
131504,  131301,  131501,  131500,  131472
131505,  131301,  131501,  131501,  131473
131506,  131301,  131501,  131502,  131474
131507,  131301,  131505,  131503,  131475
131508,  131301,  131505,  131504,  131476
131509,  131301,  131505,  131505,  131477
131510,  131301,  131505,  131506,  131478
131511,  131511,  131509,  131507,  131479
131512,  131512,  131509,  131508,  131480
131513,  131513,  131509,  131509,  131481
131514,  131514,  131509,  131510,  131482
131515,  131515,  131513,  131511,  131483
131516,  131516,  131513,  131512,  131484
131517,  131517,  131513,  131513,  131485
131518,  131518,  131513,  131514,  131486
131519,  131519,  131517,  131515,  131487
131520,  131520,  131517,  131516,  131488
131521,  131521,  131517,  131517,  131489
131522,  131522,  131517,  131518,  131490
131523,  131523,  131521,  131519,  131491
131524,  131524,  131521,  131520,  131492
131525,  131525,  131521,  131521,  131493
131526,  131526,  131521,  131522,  131494
131527,  131527,  131525,  131523,  131495
131528,  131528,  131525,  131524,  131496
131529,  131529,  131525,  131525,  131497
131530,  131530,  131525,  131526,  131498
131531,  131531,  131529,  131527,  131499
131532,  131532,  131529,  131528,  131500
131533,  131533,  131529,  131529,  131501
131534,  131534,  131529,  131530,  131502
131535,  131535,  131533,  131531,  131503
131536,  131536,  131533,  131532,  131504
131537,  131537,  131533,  131533,  131505
131538,  131538,  131533,  131534,  131506
131539,  131539,  131537,  131535,  131507
131540,  131540,  131537,  131536,  131508
131541,  131541,  131537,  131537,  131509
131542,  131542,  131537,  131538,  131510
131543,  131543,  131541,  131539,  131511
131544,  131544,  131541,  131540,  131512
131545,  131545,  131541,  131541,  131513
131546,  131546,  131541,  131542,  131514
131547,  131547,  131545,  131543,  131515
131548,  131548,  131545,  131544,  131516
131549,  131549,  131545,  131545,  131517
131550,  131550,  131545,  131546,  131518
131551,  131551,  131549,  131547,  131519
131552,  131552,  131549,  131548,  131520
131553,  131553,  131549,  131549,  131521
131554,  131554,  131549,  131550,  131522
131555,  131555,  131553,  131551,  131523
131556,  131556,  131553,  131552,  131524
131557,  131557,  131553,  131553,  131525
131558,  131558,  131553,  131554,  131526
131559,  131559,  131557,  131555,  131527
131560,  131560,  131557,  131556,  131528
131561,  131561,  131557,  131557,  131529
131562,  131562,  131557,  131558,  131530
131563,  131563,  131561,  131559,  131531
131564,  131564,  131561,  131560,  131532
131565,  131565,  131561,  131561,  131533
131566,  131566,  131561,  131562,  131534
131567,  131567,  131565,  131563,  131535
131568,  131568,  131565,  131564,  131536
131569,  131569,  131565,  131565,  131537
131570,  131570,  131565,  131566,  131538
131571,  131571,  131569,  131567,  131539
131572,  131572,  131569,  131568,  131540
131573,  131573,  131569,  131569,  131541
131574,  131574,  131569,  131570,  131542
131575,  131575,  131573,  131571,  131543
131576,  131576,  131573,  131572,  131544
131577,  131577,  131573,  131573,  131545
131578,  131578,  131573,  131574,  131546
131579,  131579,  131577,  131575,  131547
131580,  131580,  131577,  131576,  131548
131581,  131581,  131577,  131577,  131549
131582,  131582,  131577,  131578,  131550
131583,  131583,  131581,  131579,  131551
131584,  131584,  131581,  131580,  131552
131585,  131585,  131581,  131581,  131553
131586,  131586,  131581,  131582,  131554
131587,  131587,  131585,  131583,  131555
131588,  131588,  131585,  131584,  131556
131589,  131589,  131585,  131585,  131557
131590,  131590,  131585,  131586,  131558
131591,  131591,  131589,  131587,  131559
131592,  131592,  131589,  131588,  131560
131593,  131593,  131589,  131589,  131561
131594,  131594,  131589,  131590,  131562
131595,  131595,  131593,  131591,  131563
131596,  131596,  131593,  131592,  131564
131597,  131597,  131593,  131593,  131565
131598,  131598,  131593,  131594,  131566
131599,  131599,  131597,  131595,  131567
131600,  131600,  131597,  131596,  131568
131601,  131601,  131597,  131597,  131569
131602,  131602,  131597,  131598,  131570
131603,  131603,  131601,  131599,  131571
131604,  131604,  131601,  131600,  131572
131605,  131605,  131601,  131601,  131573
131606,  131606,  131601,  131602,  131574
131607,  131607,  131605,  131603,  131575
131608,  131608,  131605,  131604,  131576
131609,  131609,  131605,  131605,  131577
131610,  131610,  131605,  131606,  131578
131611,  131611,  131609,  131607,  131579
131612,  131612,  131609,  131608,  131580
131613,  131613,  131609,  131609,  131581
131614,  131614,  131609,  131610,  131582
131615,  131615,  131613,  131611,  131583
131616,  131616,  131613,  131612,  131584
131617,  131617,  131613,  131613,  131585
131618,  131618,  131613,  131614,  131586
131619,  131619,  131617,  131615,  131587
131620,  131620,  131617,  131616,  131588
131621,  131621,  131617,  131617,  131589
131622,  131622,  131617,  131618,  131590
131623,  131623,  131621,  131619,  131591
131624,  131624,  131621,  131620,  131592
131625,  131625,  131621,  131621,  131593
131626,  131626,  131621,  131622,  131594
131627,  131627,  131625,  131623,  131595
131628,  131628,  131625,  131624,  131596
131629,  131629,  131625,  131625,  131597
131630,  131630,  131625,  131626,  131598
131631,  131631,  131629,  131627,  131599
131632,  131632,  131629,  131628,  131600
131633,  131633,  131629,  131629,  131601
131634,  131634,  131629,  131630,  131602
131635,  131635,  131633,  131631,  131603
131636,  131636,  131633,  131632,  131604
131637,  131637,  131633,  131633,  131605
131638,  131638,  131633,  131634,  131606
131639,  131639,  131637,  131635,  131607
131640,  131640,  131637,  131636,  131608
131641,  131641,  131637,  131637,  131609
131642,  131642,  131637,  131638,  131610
131643,  131643,  131641,  131639,  131611
131644,  131644,  131641,  131640,  131612
131645,  131645,  131641,  131641,  131613
131646,  131646,  131641,  131642,  131614
131647,  131647,  131645,  131643,  131615
131648,  131648,  131645,  131644,  131616
131649,  131649,  131645,  131645,  131617
131650,  131650,  131645,  131646,  131618
131651,  131651,  131649,  131647,  131619
131652,  131652,  131649,  131648,  131620
131653,  131653,  131649,  131649,  131621
131654,  131654,  131649,  131650,  131622
131655,  131655,  131653,  131651,  131623
131656,  131656,  131653,  131652,  131624
131657,  131657,  131653,  131653,  131625
131658,  131658,  131653,  131654,  131626
131659,  131659,  131657,  131655,  131627
131660,  131660,  131657,  131656,  131628
131661,  131661,  131657,  131657,  131629
131662,  131662,  131657,  131658,  131630
131663,  131663,  131661,  131659,  131631
131664,  131664,  131661,  131660,  131632
131665,  131665,  131661,  131661,  131633
131666,  131666,  131661,  131662,  131634
131667,  131667,  131665,  131663,  131635
131668,  131668,  131665,  131664,  131636
131669,  131669,  131665,  131665,  131637
131670,  131670,  131665,  131666,  131638
131671,  131671,  131669,  131667,  131639
131672,  131672,  131669,  131668,  131640
131673,  131673,  131669,  131669,  131641
131674,  131674,  131669,  131670,  131642
131675,  131675,  131673,  131671,  131643
131676,  131676,  131673,  131672,  131644
131677,  131677,  131673,  131673,  131645
131678,  131678,  131673,  131674,  131646
131679,  131679,  131677,  131675,  131647
131680,  131680,  131677,  131676,  131648
131681,  131681,  131677,  131677,  131649
131682,  131682,  131677,  131678,  131650
131683,  131683,  131681,  131679,  131651
131684,  131684,  131681,  131680,  131652
131685,  131685,  131681,  131681,  131653
131686,  131686,  131681,  131682,  131654
131687,  131687,  131685,  131683,  131655
131688,  131688,  131685,  131684,  131656
131689,  131689,  131685,  131685,  131657
131690,  131690,  131685,  131686,  131658
131691,  131691,  131689,  131687,  131659
131692,  131692,  131689,  131688,  131660
131693,  131693,  131689,  131689,  131661
131694,  131694,  131689,  131690,  131662
131695,  131695,  131693,  131691,  131663
131696,  131696,  131693,  131692,  131664
131697,  131697,  131693,  131693,  131665
131698,  131698,  131693,  131694,  131666
131699,  131699,  131697,  131695,  131667
131700,  131700,  131697,  131696,  131668
131701,  131701,  131697,  131697,  131669
131702,  131702,  131697,  131698,  131670
131703,  131703,  131701,  131699,  131671
131704,  131704,  131701,  131700,  131672
131705,  131705,  131701,  131701,  131673
131706,  131706,  131701,  131702,  131674
131707,  131707,  131705,  131703,  131675
131708,  131708,  131705,  131704,  131676
131709,  131709,  131705,  131705,  131677
131710,  131710,  131705,  131706,  131678
131711,  131711,  131709,  131707,  131679
131712,  131511,  131709,  131708,  131680
131713,  131511,  131709,  131709,  131681
131714,  131511,  131709,  131710,  131682
131715,  131511,  131713,  131711,  131683
131716,  131511,  131713,  131712,  131684
131717,  131511,  131713,  131713,  131685
131718,  131511,  131713,  131714,  131686
131719,  131511,  131717,  131715,  131687
131720,  131511,  131717,  131716,  131688
131721,  131721,  131717,  131717,  131689
131722,  131722,  131717,  131718,  131690
131723,  131723,  131721,  131719,  131691
131724,  131724,  131721,  131720,  131692
131725,  131725,  131721,  131721,  131693
131726,  131726,  131721,  131722,  131694
131727,  131727,  131725,  131723,  131695
131728,  131728,  131725,  131724,  131696
131729,  131729,  131725,  131725,  131697
131730,  131730,  131725,  131726,  131698
131731,  131731,  131729,  131727,  131699
131732,  131732,  131729,  131728,  131700
131733,  131733,  131729,  131729,  131701
131734,  131734,  131729,  131730,  131702
131735,  131735,  131733,  131731,  131703
131736,  131736,  131733,  131732,  131704
131737,  131737,  131733,  131733,  131705
131738,  131738,  131733,  131734,  131706
131739,  131739,  131737,  131735,  131707
131740,  131740,  131737,  131736,  131708
131741,  131741,  131737,  131737,  131709
131742,  131742,  131737,  131738,  131710
131743,  131743,  131741,  131739,  131711
131744,  131744,  131741,  131740,  131712
131745,  131745,  131741,  131741,  131713
131746,  131746,  131741,  131742,  131714
131747,  131747,  131745,  131743,  131715
131748,  131748,  131745,  131744,  131716
131749,  131749,  131745,  131745,  131717
131750,  131750,  131745,  131746,  131718
131751,  131751,  131749,  131747,  131719
131752,  131752,  131749,  131748,  131720
131753,  131753,  131749,  131749,  131721
131754,  131754,  131749,  131750,  131722
131755,  131755,  131753,  131751,  131723
131756,  131756,  131753,  131752,  131724
131757,  131757,  131753,  131753,  131725
131758,  131758,  131753,  131754,  131726
131759,  131759,  131757,  131755,  131727
131760,  131760,  131757,  131756,  131728
131761,  131761,  131757,  131757,  131729
131762,  131762,  131757,  131758,  131730
131763,  131763,  131761,  131759,  131731
131764,  131764,  131761,  131760,  131732
131765,  131765,  131761,  131761,  131733
131766,  131766,  131761,  131762,  131734
131767,  131767,  131765,  131763,  131735
131768,  131768,  131765,  131764,  131736
131769,  131769,  131765,  131765,  131737
131770,  131770,  131765,  131766,  131738
131771,  131771,  131769,  131767,  131739
131772,  131772,  131769,  131768,  131740
131773,  131773,  131769,  131769,  131741
131774,  131774,  131769,  131770,  131742
131775,  131775,  131773,  131771,  131743
131776,  131776,  131773,  131772,  131744
131777,  131777,  131773,  131773,  131745
131778,  131778,  131773,  131774,  131746
131779,  131779,  131777,  131775,  131747
131780,  131780,  131777,  131776,  131748
131781,  131781,  131777,  131777,  131749
131782,  131782,  131777,  131778,  131750
131783,  131783,  131781,  131779,  131751
131784,  131784,  131781,  131780,  131752
131785,  131785,  131781,  131781,  131753
131786,  131786,  131781,  131782,  131754
131787,  131787,  131785,  131783,  131755
131788,  131788,  131785,  131784,  131756
131789,  131789,  131785,  131785,  131757
131790,  131790,  131785,  131786,  131758
131791,  131791,  131789,  131787,  131759
131792,  131792,  131789,  131788,  131760
131793,  131793,  131789,  131789,  131761
131794,  131794,  131789,  131790,  131762
131795,  131795,  131793,  131791,  131763
131796,  131796,  131793,  131792,  131764
131797,  131797,  131793,  131793,  131765
131798,  131798,  131793,  131794,  131766
131799,  131799,  131797,  131795,  131767
131800,  131800,  131797,  131796,  131768
131801,  131801,  131797,  131797,  131769
131802,  131802,  131797,  131798,  131770
131803,  131803,  131801,  131799,  131771
131804,  131804,  131801,  131800,  131772
131805,  131805,  131801,  131801,  131773
131806,  131806,  131801,  131802,  131774
131807,  131807,  131805,  131803,  131775
131808,  131808,  131805,  131804,  131776
131809,  131809,  131805,  131805,  131777
131810,  131810,  131805,  131806,  131778
131811,  131811,  131809,  131807,  131779
131812,  131812,  131809,  131808,  131780
131813,  131813,  131809,  131809,  131781
131814,  131814,  131809,  131810,  131782
131815,  131815,  131813,  131811,  131783
131816,  131816,  131813,  131812,  131784
131817,  131817,  131813,  131813,  131785
131818,  131818,  131813,  131814,  131786
131819,  131819,  131817,  131815,  131787
131820,  131820,  131817,  131816,  131788
131821,  131821,  131817,  131817,  131789
131822,  131822,  131817,  131818,  131790
131823,  131823,  131821,  131819,  131791
131824,  131824,  131821,  131820,  131792
131825,  131825,  131821,  131821,  131793
131826,  131826,  131821,  131822,  131794
131827,  131827,  131825,  131823,  131795
131828,  131828,  131825,  131824,  131796
131829,  131829,  131825,  131825,  131797
131830,  131830,  131825,  131826,  131798
131831,  131831,  131829,  131827,  131799
131832,  131832,  131829,  131828,  131800
131833,  131833,  131829,  131829,  131801
131834,  131834,  131829,  131830,  131802
131835,  131835,  131833,  131831,  131803
131836,  131836,  131833,  131832,  131804
131837,  131837,  131833,  131833,  131805
131838,  131838,  131833,  131834,  131806
131839,  131839,  131837,  131835,  131807
131840,  131840,  131837,  131836,  131808
131841,  131841,  131837,  131837,  131809
131842,  131842,  131837,  131838,  131810
131843,  131843,  131841,  131839,  131811
131844,  131844,  131841,  131840,  131812
131845,  131845,  131841,  131841,  131813
131846,  131846,  131841,  131842,  131814
131847,  131847,  131845,  131843,  131815
131848,  131848,  131845,  131844,  131816
131849,  131849,  131845,  131845,  131817
131850,  131850,  131845,  131846,  131818
131851,  131851,  131849,  131847,  131819
131852,  131852,  131849,  131848,  131820
131853,  131853,  131849,  131849,  131821
131854,  131854,  131849,  131850,  131822
131855,  131855,  131853,  131851,  131823
131856,  131856,  131853,  131852,  131824
131857,  131857,  131853,  131853,  131825
131858,  131858,  131853,  131854,  131826
131859,  131859,  131857,  131855,  131827
131860,  131860,  131857,  131856,  131828
131861,  131861,  131857,  131857,  131829
131862,  131862,  131857,  131858,  131830
131863,  131863,  131861,  131859,  131831
131864,  131864,  131861,  131860,  131832
131865,  131865,  131861,  131861,  131833
131866,  131866,  131861,  131862,  131834
131867,  131867,  131865,  131863,  131835
131868,  131868,  131865,  131864,  131836
131869,  131869,  131865,  131865,  131837
131870,  131870,  131865,  131866,  131838
131871,  131871,  131869,  131867,  131839
131872,  131872,  131869,  131868,  131840
131873,  131873,  131869,  131869,  131841
131874,  131874,  131869,  131870,  131842
131875,  131875,  131873,  131871,  131843
131876,  131876,  131873,  131872,  131844
131877,  131877,  131873,  131873,  131845
131878,  131878,  131873,  131874,  131846
131879,  131879,  131877,  131875,  131847
131880,  131880,  131877,  131876,  131848
131881,  131881,  131877,  131877,  131849
131882,  131882,  131877,  131878,  131850
131883,  131883,  131881,  131879,  131851
131884,  131884,  131881,  131880,  131852
131885,  131885,  131881,  131881,  131853
131886,  131886,  131881,  131882,  131854
131887,  131887,  131885,  131883,  131855
131888,  131888,  131885,  131884,  131856
131889,  131889,  131885,  131885,  131857
131890,  131890,  131885,  131886,  131858
131891,  131891,  131889,  131887,  131859
131892,  131892,  131889,  131888,  131860
131893,  131893,  131889,  131889,  131861
131894,  131894,  131889,  131890,  131862
131895,  131895,  131893,  131891,  131863
131896,  131896,  131893,  131892,  131864
131897,  131897,  131893,  131893,  131865
131898,  131898,  131893,  131894,  131866
131899,  131899,  131897,  131895,  131867
131900,  131900,  131897,  131896,  131868
131901,  131901,  131897,  131897,  131869
131902,  131902,  131897,  131898,  131870
131903,  131903,  131901,  131899,  131871
131904,  131904,  131901,  131900,  131872
131905,  131905,  131901,  131901,  131873
131906,  131906,  131901,  131902,  131874
131907,  131907,  131905,  131903,  131875
131908,  131908,  131905,  131904,  131876
131909,  131909,  131905,  131905,  131877
131910,  131910,  131905,  131906,  131878
131911,  131911,  131909,  131907,  131879
131912,  131912,  131909,  131908,  131880
131913,  131913,  131909,  131909,  131881
131914,  131914,  131909,  131910,  131882
131915,  131915,  131913,  131911,  131883
131916,  131916,  131913,  131912,  131884
131917,  131917,  131913,  131913,  131885
131918,  131918,  131913,  131914,  131886
131919,  131919,  131917,  131915,  131887
131920,  131920,  131917,  131916,  131888
131921,  131921,  131917,  131917,  131889
131922,  131721,  131917,  131918,  131890
131923,  131721,  131921,  131919,  131891
131924,  131721,  131921,  131920,  131892
131925,  131721,  131921,  131921,  131893
131926,  131721,  131921,  131922,  131894
131927,  131721,  131925,  131923,  131895
131928,  131721,  131925,  131924,  131896
131929,  131721,  131925,  131925,  131897
131930,  131721,  131925,  131926,  131898
131931,  131931,  131929,  131927,  131899
131932,  131932,  131929,  131928,  131900
131933,  131933,  131929,  131929,  131901
131934,  131934,  131929,  131930,  131902
131935,  131935,  131933,  131931,  131903
131936,  131936,  131933,  131932,  131904
131937,  131937,  131933,  131933,  131905
131938,  131938,  131933,  131934,  131906
131939,  131939,  131937,  131935,  131907
131940,  131940,  131937,  131936,  131908
131941,  131941,  131937,  131937,  131909
131942,  131942,  131937,  131938,  131910
131943,  131943,  131941,  131939,  131911
131944,  131944,  131941,  131940,  131912
131945,  131945,  131941,  131941,  131913
131946,  131946,  131941,  131942,  131914
131947,  131947,  131945,  131943,  131915
131948,  131948,  131945,  131944,  131916
131949,  131949,  131945,  131945,  131917
131950,  131950,  131945,  131946,  131918
131951,  131951,  131949,  131947,  131919
131952,  131952,  131949,  131948,  131920
131953,  131953,  131949,  131949,  131921
131954,  131954,  131949,  131950,  131922
131955,  131955,  131953,  131951,  131923
131956,  131956,  131953,  131952,  131924
131957,  131957,  131953,  131953,  131925
131958,  131958,  131953,  131954,  131926
131959,  131959,  131957,  131955,  131927
131960,  131960,  131957,  131956,  131928
131961,  131961,  131957,  131957,  131929
131962,  131962,  131957,  131958,  131930
131963,  131963,  131961,  131959,  131931
131964,  131964,  131961,  131960,  131932
131965,  131965,  131961,  131961,  131933
131966,  131966,  131961,  131962,  131934
131967,  131967,  131965,  131963,  131935
131968,  131968,  131965,  131964,  131936
131969,  131969,  131965,  131965,  131937
131970,  131970,  131965,  131966,  131938
131971,  131971,  131969,  131967,  131939
131972,  131972,  131969,  131968,  131940
131973,  131973,  131969,  131969,  131941
131974,  131974,  131969,  131970,  131942
131975,  131975,  131973,  131971,  131943
131976,  131976,  131973,  131972,  131944
131977,  131977,  131973,  131973,  131945
131978,  131978,  131973,  131974,  131946
131979,  131979,  131977,  131975,  131947
131980,  131980,  131977,  131976,  131948
131981,  131981,  131977,  131977,  131949
131982,  131982,  131977,  131978,  131950
131983,  131983,  131981,  131979,  131951
131984,  131984,  131981,  131980,  131952
131985,  131985,  131981,  131981,  131953
131986,  131986,  131981,  131982,  131954
131987,  131987,  131985,  131983,  131955
131988,  131988,  131985,  131984,  131956
131989,  131989,  131985,  131985,  131957
131990,  131990,  131985,  131986,  131958
131991,  131991,  131989,  131987,  131959
131992,  131992,  131989,  131988,  131960
131993,  131993,  131989,  131989,  131961
131994,  131994,  131989,  131990,  131962
131995,  131995,  131993,  131991,  131963
131996,  131996,  131993,  131992,  131964
131997,  131997,  131993,  131993,  131965
131998,  131998,  131993,  131994,  131966
131999,  131999,  131997,  131995,  131967
132000,  132000,  131997,  131996,  131968
132001,  132001,  131997,  131997,  131969
132002,  132002,  131997,  131998,  131970
132003,  132003,  132001,  131999,  131971
132004,  132004,  132001,  132000,  131972
132005,  132005,  132001,  132001,  131973
132006,  132006,  132001,  132002,  131974
132007,  132007,  132005,  132003,  131975
132008,  132008,  132005,  132004,  131976
132009,  132009,  132005,  132005,  131977
132010,  132010,  132005,  132006,  131978
132011,  132011,  132009,  132007,  131979
132012,  132012,  132009,  132008,  131980
132013,  132013,  132009,  132009,  131981
132014,  132014,  132009,  132010,  131982
132015,  132015,  132013,  132011,  131983
132016,  132016,  132013,  132012,  131984
132017,  132017,  132013,  132013,  131985
132018,  132018,  132013,  132014,  131986
132019,  132019,  132017,  132015,  131987
132020,  132020,  132017,  132016,  131988
132021,  132021,  132017,  132017,  131989
132022,  132022,  132017,  132018,  131990
132023,  132023,  132021,  132019,  131991
132024,  132024,  132021,  132020,  131992
132025,  132025,  132021,  132021,  131993
132026,  132026,  132021,  132022,  131994
132027,  132027,  132025,  132023,  131995
132028,  132028,  132025,  132024,  131996
132029,  132029,  132025,  132025,  131997
132030,  132030,  132025,  132026,  131998
132031,  132031,  132029,  132027,  131999
132032,  132032,  132029,  132028,  132000
132033,  132033,  132029,  132029,  132001
132034,  132034,  132029,  132030,  132002
132035,  132035,  132033,  132031,  132003
132036,  132036,  132033,  132032,  132004
132037,  132037,  132033,  132033,  132005
132038,  132038,  132033,  132034,  132006
132039,  132039,  132037,  132035,  132007
132040,  132040,  132037,  132036,  132008
132041,  132041,  132037,  132037,  132009
132042,  132042,  132037,  132038,  132010
132043,  132043,  132041,  132039,  132011
132044,  132044,  132041,  132040,  132012
132045,  132045,  132041,  132041,  132013
132046,  132046,  132041,  132042,  132014
132047,  132047,  132045,  132043,  132015
132048,  132048,  132045,  132044,  132016
132049,  132049,  132045,  132045,  132017
132050,  132050,  132045,  132046,  132018
132051,  132051,  132049,  132047,  132019
132052,  132052,  132049,  132048,  132020
132053,  132053,  132049,  132049,  132021
132054,  132054,  132049,  132050,  132022
132055,  132055,  132053,  132051,  132023
132056,  132056,  132053,  132052,  132024
132057,  132057,  132053,  132053,  132025
132058,  132058,  132053,  132054,  132026
132059,  132059,  132057,  132055,  132027
132060,  132060,  132057,  132056,  132028
132061,  132061,  132057,  132057,  132029
132062,  132062,  132057,  132058,  132030
132063,  132063,  132061,  132059,  132031
132064,  132064,  132061,  132060,  132032
132065,  132065,  132061,  132061,  132033
132066,  132066,  132061,  132062,  132034
132067,  132067,  132065,  132063,  132035
132068,  132068,  132065,  132064,  132036
132069,  132069,  132065,  132065,  132037
132070,  132070,  132065,  132066,  132038
132071,  132071,  132069,  132067,  132039
132072,  132072,  132069,  132068,  132040
132073,  132073,  132069,  132069,  132041
132074,  132074,  132069,  132070,  132042
132075,  132075,  132073,  132071,  132043
132076,  132076,  132073,  132072,  132044
132077,  132077,  132073,  132073,  132045
132078,  132078,  132073,  132074,  132046
132079,  132079,  132077,  132075,  132047
132080,  132080,  132077,  132076,  132048
132081,  132081,  132077,  132077,  132049
132082,  132082,  132077,  132078,  132050
132083,  132083,  132081,  132079,  132051
132084,  132084,  132081,  132080,  132052
132085,  132085,  132081,  132081,  132053
132086,  132086,  132081,  132082,  132054
132087,  132087,  132085,  132083,  132055
132088,  132088,  132085,  132084,  132056
132089,  132089,  132085,  132085,  132057
132090,  132090,  132085,  132086,  132058
132091,  132091,  132089,  132087,  132059
132092,  132092,  132089,  132088,  132060
132093,  132093,  132089,  132089,  132061
132094,  132094,  132089,  132090,  132062
132095,  132095,  132093,  132091,  132063
132096,  132096,  132093,  132092,  132064
132097,  132097,  132093,  132093,  132065
132098,  132098,  132093,  132094,  132066
132099,  132099,  132097,  132095,  132067
132100,  132100,  132097,  132096,  132068
132101,  132101,  132097,  132097,  132069
132102,  132102,  132097,  132098,  132070
132103,  132103,  132101,  132099,  132071
132104,  132104,  132101,  132100,  132072
132105,  132105,  132101,  132101,  132073
132106,  132106,  132101,  132102,  132074
132107,  132107,  132105,  132103,  132075
132108,  132108,  132105,  132104,  132076
132109,  132109,  132105,  132105,  132077
132110,  132110,  132105,  132106,  132078
132111,  132111,  132109,  132107,  132079
132112,  132112,  132109,  132108,  132080
132113,  132113,  132109,  132109,  132081
132114,  132114,  132109,  132110,  132082
132115,  132115,  132113,  132111,  132083
132116,  132116,  132113,  132112,  132084
132117,  132117,  132113,  132113,  132085
132118,  132118,  132113,  132114,  132086
132119,  132119,  132117,  132115,  132087
132120,  132120,  132117,  132116,  132088
132121,  132121,  132117,  132117,  132089
132122,  132122,  132117,  132118,  132090
132123,  132123,  132121,  132119,  132091
132124,  132124,  132121,  132120,  132092
132125,  132125,  132121,  132121,  132093
132126,  132126,  132121,  132122,  132094
132127,  132127,  132125,  132123,  132095
132128,  132128,  132125,  132124,  132096
132129,  132129,  132125,  132125,  132097
132130,  132130,  132125,  132126,  132098
132131,  132131,  132129,  132127,  132099
132132,  131931,  132129,  132128,  132100
132133,  131931,  132129,  132129,  132101
132134,  131931,  132129,  132130,  132102
132135,  131931,  132133,  132131,  132103
132136,  131931,  132133,  132132,  132104
132137,  131931,  132133,  132133,  132105
132138,  131931,  132133,  132134,  132106
132139,  131931,  132137,  132135,  132107
132140,  131931,  132137,  132136,  132108
132141,  132141,  132137,  132137,  132109
132142,  132142,  132137,  132138,  132110
132143,  132143,  132141,  132139,  132111
132144,  132144,  132141,  132140,  132112
132145,  132145,  132141,  132141,  132113
132146,  132146,  132141,  132142,  132114
132147,  132147,  132145,  132143,  132115
132148,  132148,  132145,  132144,  132116
132149,  132149,  132145,  132145,  132117
132150,  132150,  132145,  132146,  132118
132151,  132151,  132149,  132147,  132119
132152,  132152,  132149,  132148,  132120
132153,  132153,  132149,  132149,  132121
132154,  132154,  132149,  132150,  132122
132155,  132155,  132153,  132151,  132123
132156,  132156,  132153,  132152,  132124
132157,  132157,  132153,  132153,  132125
132158,  132158,  132153,  132154,  132126
132159,  132159,  132157,  132155,  132127
132160,  132160,  132157,  132156,  132128
132161,  132161,  132157,  132157,  132129
132162,  132162,  132157,  132158,  132130
132163,  132163,  132161,  132159,  132131
132164,  132164,  132161,  132160,  132132
132165,  132165,  132161,  132161,  132133
132166,  132166,  132161,  132162,  132134
132167,  132167,  132165,  132163,  132135
132168,  132168,  132165,  132164,  132136
132169,  132169,  132165,  132165,  132137
132170,  132170,  132165,  132166,  132138
132171,  132171,  132169,  132167,  132139
132172,  132172,  132169,  132168,  132140
132173,  132173,  132169,  132169,  132141
132174,  132174,  132169,  132170,  132142
132175,  132175,  132173,  132171,  132143
132176,  132176,  132173,  132172,  132144
132177,  132177,  132173,  132173,  132145
132178,  132178,  132173,  132174,  132146
132179,  132179,  132177,  132175,  132147
132180,  132180,  132177,  132176,  132148
132181,  132181,  132177,  132177,  132149
132182,  132182,  132177,  132178,  132150
132183,  132183,  132181,  132179,  132151
132184,  132184,  132181,  132180,  132152
132185,  132185,  132181,  132181,  132153
132186,  132186,  132181,  132182,  132154
132187,  132187,  132185,  132183,  132155
132188,  132188,  132185,  132184,  132156
132189,  132189,  132185,  132185,  132157
132190,  132190,  132185,  132186,  132158
132191,  132191,  132189,  132187,  132159
132192,  132192,  132189,  132188,  132160
132193,  132193,  132189,  132189,  132161
132194,  132194,  132189,  132190,  132162
132195,  132195,  132193,  132191,  132163
132196,  132196,  132193,  132192,  132164
132197,  132197,  132193,  132193,  132165
132198,  132198,  132193,  132194,  132166
132199,  132199,  132197,  132195,  132167
132200,  132200,  132197,  132196,  132168
132201,  132201,  132197,  132197,  132169
132202,  132202,  132197,  132198,  132170
132203,  132203,  132201,  132199,  132171
132204,  132204,  132201,  132200,  132172
132205,  132205,  132201,  132201,  132173
132206,  132206,  132201,  132202,  132174
132207,  132207,  132205,  132203,  132175
132208,  132208,  132205,  132204,  132176
132209,  132209,  132205,  132205,  132177
132210,  132210,  132205,  132206,  132178
132211,  132211,  132209,  132207,  132179
132212,  132212,  132209,  132208,  132180
132213,  132213,  132209,  132209,  132181
132214,  132214,  132209,  132210,  132182
132215,  132215,  132213,  132211,  132183
132216,  132216,  132213,  132212,  132184
132217,  132217,  132213,  132213,  132185
132218,  132218,  132213,  132214,  132186
132219,  132219,  132217,  132215,  132187
132220,  132220,  132217,  132216,  132188
132221,  132221,  132217,  132217,  132189
132222,  132222,  132217,  132218,  132190
132223,  132223,  132221,  132219,  132191
132224,  132224,  132221,  132220,  132192
132225,  132225,  132221,  132221,  132193
132226,  132226,  132221,  132222,  132194
132227,  132227,  132225,  132223,  132195
132228,  132228,  132225,  132224,  132196
132229,  132229,  132225,  132225,  132197
132230,  132230,  132225,  132226,  132198
132231,  132231,  132229,  132227,  132199
132232,  132232,  132229,  132228,  132200
132233,  132233,  132229,  132229,  132201
132234,  132234,  132229,  132230,  132202
132235,  132235,  132233,  132231,  132203
132236,  132236,  132233,  132232,  132204
132237,  132237,  132233,  132233,  132205
132238,  132238,  132233,  132234,  132206
132239,  132239,  132237,  132235,  132207
132240,  132240,  132237,  132236,  132208
132241,  132241,  132237,  132237,  132209
132242,  132242,  132237,  132238,  132210
132243,  132243,  132241,  132239,  132211
132244,  132244,  132241,  132240,  132212
132245,  132245,  132241,  132241,  132213
132246,  132246,  132241,  132242,  132214
132247,  132247,  132245,  132243,  132215
132248,  132248,  132245,  132244,  132216
132249,  132249,  132245,  132245,  132217
132250,  132250,  132245,  132246,  132218
132251,  132251,  132249,  132247,  132219
132252,  132252,  132249,  132248,  132220
132253,  132253,  132249,  132249,  132221
132254,  132254,  132249,  132250,  132222
132255,  132255,  132253,  132251,  132223
132256,  132256,  132253,  132252,  132224
132257,  132257,  132253,  132253,  132225
132258,  132258,  132253,  132254,  132226
132259,  132259,  132257,  132255,  132227
132260,  132260,  132257,  132256,  132228
132261,  132261,  132257,  132257,  132229
132262,  132262,  132257,  132258,  132230
132263,  132263,  132261,  132259,  132231
132264,  132264,  132261,  132260,  132232
132265,  132265,  132261,  132261,  132233
132266,  132266,  132261,  132262,  132234
132267,  132267,  132265,  132263,  132235
132268,  132268,  132265,  132264,  132236
132269,  132269,  132265,  132265,  132237
132270,  132270,  132265,  132266,  132238
132271,  132271,  132269,  132267,  132239
132272,  132272,  132269,  132268,  132240
132273,  132273,  132269,  132269,  132241
132274,  132274,  132269,  132270,  132242
132275,  132275,  132273,  132271,  132243
132276,  132276,  132273,  132272,  132244
132277,  132277,  132273,  132273,  132245
132278,  132278,  132273,  132274,  132246
132279,  132279,  132277,  132275,  132247
132280,  132280,  132277,  132276,  132248
132281,  132281,  132277,  132277,  132249
132282,  132282,  132277,  132278,  132250
132283,  132283,  132281,  132279,  132251
132284,  132284,  132281,  132280,  132252
132285,  132285,  132281,  132281,  132253
132286,  132286,  132281,  132282,  132254
132287,  132287,  132285,  132283,  132255
132288,  132288,  132285,  132284,  132256
132289,  132289,  132285,  132285,  132257
132290,  132290,  132285,  132286,  132258
132291,  132291,  132289,  132287,  132259
132292,  132292,  132289,  132288,  132260
132293,  132293,  132289,  132289,  132261
132294,  132294,  132289,  132290,  132262
132295,  132295,  132293,  132291,  132263
132296,  132296,  132293,  132292,  132264
132297,  132297,  132293,  132293,  132265
132298,  132298,  132293,  132294,  132266
132299,  132299,  132297,  132295,  132267
132300,  132300,  132297,  132296,  132268
132301,  132301,  132297,  132297,  132269
132302,  132302,  132297,  132298,  132270
132303,  132303,  132301,  132299,  132271
132304,  132304,  132301,  132300,  132272
132305,  132305,  132301,  132301,  132273
132306,  132306,  132301,  132302,  132274
132307,  132307,  132305,  132303,  132275
132308,  132308,  132305,  132304,  132276
132309,  132309,  132305,  132305,  132277
132310,  132310,  132305,  132306,  132278
132311,  132311,  132309,  132307,  132279
132312,  132312,  132309,  132308,  132280
132313,  132313,  132309,  132309,  132281
132314,  132314,  132309,  132310,  132282
132315,  132315,  132313,  132311,  132283
132316,  132316,  132313,  132312,  132284
132317,  132317,  132313,  132313,  132285
132318,  132318,  132313,  132314,  132286
132319,  132319,  132317,  132315,  132287
132320,  132320,  132317,  132316,  132288
132321,  132321,  132317,  132317,  132289
132322,  132322,  132317,  132318,  132290
132323,  132323,  132321,  132319,  132291
132324,  132324,  132321,  132320,  132292
132325,  132325,  132321,  132321,  132293
132326,  132326,  132321,  132322,  132294
132327,  132327,  132325,  132323,  132295
132328,  132328,  132325,  132324,  132296
132329,  132329,  132325,  132325,  132297
132330,  132330,  132325,  132326,  132298
132331,  132331,  132329,  132327,  132299
132332,  132332,  132329,  132328,  132300
132333,  132333,  132329,  132329,  132301
132334,  132334,  132329,  132330,  132302
132335,  132335,  132333,  132331,  132303
132336,  132336,  132333,  132332,  132304
132337,  132337,  132333,  132333,  132305
132338,  132338,  132333,  132334,  132306
132339,  132339,  132337,  132335,  132307
132340,  132340,  132337,  132336,  132308
132341,  132341,  132337,  132337,  132309
132342,  132141,  132337,  132338,  132310
132343,  132141,  132341,  132339,  132311
132344,  132141,  132341,  132340,  132312
132345,  132141,  132341,  132341,  132313
132346,  132141,  132341,  132342,  132314
132347,  132141,  132345,  132343,  132315
132348,  132141,  132345,  132344,  132316
132349,  132141,  132345,  132345,  132317
132350,  132141,  132345,  132346,  132318
132351,  132351,  132349,  132347,  132319
132352,  132352,  132349,  132348,  132320
132353,  132353,  132349,  132349,  132321
132354,  132354,  132349,  132350,  132322
132355,  132355,  132353,  132351,  132323
132356,  132356,  132353,  132352,  132324
132357,  132357,  132353,  132353,  132325
132358,  132358,  132353,  132354,  132326
132359,  132359,  132357,  132355,  132327
132360,  132360,  132357,  132356,  132328
132361,  132361,  132357,  132357,  132329
132362,  132362,  132357,  132358,  132330
132363,  132363,  132361,  132359,  132331
132364,  132364,  132361,  132360,  132332
132365,  132365,  132361,  132361,  132333
132366,  132366,  132361,  132362,  132334
132367,  132367,  132365,  132363,  132335
132368,  132368,  132365,  132364,  132336
132369,  132369,  132365,  132365,  132337
132370,  132370,  132365,  132366,  132338
132371,  132371,  132369,  132367,  132339
132372,  132372,  132369,  132368,  132340
132373,  132373,  132369,  132369,  132341
132374,  132374,  132369,  132370,  132342
132375,  132375,  132373,  132371,  132343
132376,  132376,  132373,  132372,  132344
132377,  132377,  132373,  132373,  132345
132378,  132378,  132373,  132374,  132346
132379,  132379,  132377,  132375,  132347
132380,  132380,  132377,  132376,  132348
132381,  132381,  132377,  132377,  132349
132382,  132382,  132377,  132378,  132350
132383,  132383,  132381,  132379,  132351
132384,  132384,  132381,  132380,  132352
132385,  132385,  132381,  132381,  132353
132386,  132386,  132381,  132382,  132354
132387,  132387,  132385,  132383,  132355
132388,  132388,  132385,  132384,  132356
132389,  132389,  132385,  132385,  132357
132390,  132390,  132385,  132386,  132358
132391,  132391,  132389,  132387,  132359
132392,  132392,  132389,  132388,  132360
132393,  132393,  132389,  132389,  132361
132394,  132394,  132389,  132390,  132362
132395,  132395,  132393,  132391,  132363
132396,  132396,  132393,  132392,  132364
132397,  132397,  132393,  132393,  132365
132398,  132398,  132393,  132394,  132366
132399,  132399,  132397,  132395,  132367
132400,  132400,  132397,  132396,  132368
132401,  132401,  132397,  132397,  132369
132402,  132402,  132397,  132398,  132370
132403,  132403,  132401,  132399,  132371
132404,  132404,  132401,  132400,  132372
132405,  132405,  132401,  132401,  132373
132406,  132406,  132401,  132402,  132374
132407,  132407,  132405,  132403,  132375
132408,  132408,  132405,  132404,  132376
132409,  132409,  132405,  132405,  132377
132410,  132410,  132405,  132406,  132378
132411,  132411,  132409,  132407,  132379
132412,  132412,  132409,  132408,  132380
132413,  132413,  132409,  132409,  132381
132414,  132414,  132409,  132410,  132382
132415,  132415,  132413,  132411,  132383
132416,  132416,  132413,  132412,  132384
132417,  132417,  132413,  132413,  132385
132418,  132418,  132413,  132414,  132386
132419,  132419,  132417,  132415,  132387
132420,  132420,  132417,  132416,  132388
132421,  132421,  132417,  132417,  132389
132422,  132422,  132417,  132418,  132390
132423,  132423,  132421,  132419,  132391
132424,  132424,  132421,  132420,  132392
132425,  132425,  132421,  132421,  132393
132426,  132426,  132421,  132422,  132394
132427,  132427,  132425,  132423,  132395
132428,  132428,  132425,  132424,  132396
132429,  132429,  132425,  132425,  132397
132430,  132430,  132425,  132426,  132398
132431,  132431,  132429,  132427,  132399
132432,  132432,  132429,  132428,  132400
132433,  132433,  132429,  132429,  132401
132434,  132434,  132429,  132430,  132402
132435,  132435,  132433,  132431,  132403
132436,  132436,  132433,  132432,  132404
132437,  132437,  132433,  132433,  132405
132438,  132438,  132433,  132434,  132406
132439,  132439,  132437,  132435,  132407
132440,  132440,  132437,  132436,  132408
132441,  132441,  132437,  132437,  132409
132442,  132442,  132437,  132438,  132410
132443,  132443,  132441,  132439,  132411
132444,  132444,  132441,  132440,  132412
132445,  132445,  132441,  132441,  132413
132446,  132446,  132441,  132442,  132414
132447,  132447,  132445,  132443,  132415
132448,  132448,  132445,  132444,  132416
132449,  132449,  132445,  132445,  132417
132450,  132450,  132445,  132446,  132418
132451,  132451,  132449,  132447,  132419
132452,  132452,  132449,  132448,  132420
132453,  132453,  132449,  132449,  132421
132454,  132454,  132449,  132450,  132422
132455,  132455,  132453,  132451,  132423
132456,  132456,  132453,  132452,  132424
132457,  132457,  132453,  132453,  132425
132458,  132458,  132453,  132454,  132426
132459,  132459,  132457,  132455,  132427
132460,  132460,  132457,  132456,  132428
132461,  132461,  132457,  132457,  132429
132462,  132462,  132457,  132458,  132430
132463,  132463,  132461,  132459,  132431
132464,  132464,  132461,  132460,  132432
132465,  132465,  132461,  132461,  132433
132466,  132466,  132461,  132462,  132434
132467,  132467,  132465,  132463,  132435
132468,  132468,  132465,  132464,  132436
132469,  132469,  132465,  132465,  132437
132470,  132470,  132465,  132466,  132438
132471,  132471,  132469,  132467,  132439
132472,  132472,  132469,  132468,  132440
132473,  132473,  132469,  132469,  132441
132474,  132474,  132469,  132470,  132442
132475,  132475,  132473,  132471,  132443
132476,  132476,  132473,  132472,  132444
132477,  132477,  132473,  132473,  132445
132478,  132478,  132473,  132474,  132446
132479,  132479,  132477,  132475,  132447
132480,  132480,  132477,  132476,  132448
132481,  132481,  132477,  132477,  132449
132482,  132482,  132477,  132478,  132450
132483,  132483,  132481,  132479,  132451
132484,  132484,  132481,  132480,  132452
132485,  132485,  132481,  132481,  132453
132486,  132486,  132481,  132482,  132454
132487,  132487,  132485,  132483,  132455
132488,  132488,  132485,  132484,  132456
132489,  132489,  132485,  132485,  132457
132490,  132490,  132485,  132486,  132458
132491,  132491,  132489,  132487,  132459
132492,  132492,  132489,  132488,  132460
132493,  132493,  132489,  132489,  132461
132494,  132494,  132489,  132490,  132462
132495,  132495,  132493,  132491,  132463
132496,  132496,  132493,  132492,  132464
132497,  132497,  132493,  132493,  132465
132498,  132498,  132493,  132494,  132466
132499,  132499,  132497,  132495,  132467
132500,  132500,  132497,  132496,  132468
132501,  132501,  132497,  132497,  132469
132502,  132502,  132497,  132498,  132470
132503,  132503,  132501,  132499,  132471
132504,  132504,  132501,  132500,  132472
132505,  132505,  132501,  132501,  132473
132506,  132506,  132501,  132502,  132474
132507,  132507,  132505,  132503,  132475
132508,  132508,  132505,  132504,  132476
132509,  132509,  132505,  132505,  132477
132510,  132510,  132505,  132506,  132478
132511,  132511,  132509,  132507,  132479
132512,  132512,  132509,  132508,  132480
132513,  132513,  132509,  132509,  132481
132514,  132514,  132509,  132510,  132482
132515,  132515,  132513,  132511,  132483
132516,  132516,  132513,  132512,  132484
132517,  132517,  132513,  132513,  132485
132518,  132518,  132513,  132514,  132486
132519,  132519,  132517,  132515,  132487
132520,  132520,  132517,  132516,  132488
132521,  132521,  132517,  132517,  132489
132522,  132522,  132517,  132518,  132490
132523,  132523,  132521,  132519,  132491
132524,  132524,  132521,  132520,  132492
132525,  132525,  132521,  132521,  132493
132526,  132526,  132521,  132522,  132494
132527,  132527,  132525,  132523,  132495
132528,  132528,  132525,  132524,  132496
132529,  132529,  132525,  132525,  132497
132530,  132530,  132525,  132526,  132498
132531,  132531,  132529,  132527,  132499
132532,  132532,  132529,  132528,  132500
132533,  132533,  132529,  132529,  132501
132534,  132534,  132529,  132530,  132502
132535,  132535,  132533,  132531,  132503
132536,  132536,  132533,  132532,  132504
132537,  132537,  132533,  132533,  132505
132538,  132538,  132533,  132534,  132506
132539,  132539,  132537,  132535,  132507
132540,  132540,  132537,  132536,  132508
132541,  132541,  132537,  132537,  132509
132542,  132542,  132537,  132538,  132510
132543,  132543,  132541,  132539,  132511
132544,  132544,  132541,  132540,  132512
132545,  132545,  132541,  132541,  132513
132546,  132546,  132541,  132542,  132514
132547,  132547,  132545,  132543,  132515
132548,  132548,  132545,  132544,  132516
132549,  132549,  132545,  132545,  132517
132550,  132550,  132545,  132546,  132518
132551,  132551,  132549,  132547,  132519
132552,  132351,  132549,  132548,  132520
132553,  132351,  132549,  132549,  132521
132554,  132351,  132549,  132550,  132522
132555,  132351,  132553,  132551,  132523
132556,  132351,  132553,  132552,  132524
132557,  132351,  132553,  132553,  132525
132558,  132351,  132553,  132554,  132526
132559,  132351,  132557,  132555,  132527
132560,  132351,  132557,  132556,  132528
132561,  132561,  132557,  132557,  132529
132562,  132562,  132557,  132558,  132530
132563,  132563,  132561,  132559,  132531
132564,  132564,  132561,  132560,  132532
132565,  132565,  132561,  132561,  132533
132566,  132566,  132561,  132562,  132534
132567,  132567,  132565,  132563,  132535
132568,  132568,  132565,  132564,  132536
132569,  132569,  132565,  132565,  132537
132570,  132570,  132565,  132566,  132538
132571,  132571,  132569,  132567,  132539
132572,  132572,  132569,  132568,  132540
132573,  132573,  132569,  132569,  132541
132574,  132574,  132569,  132570,  132542
132575,  132575,  132573,  132571,  132543
132576,  132576,  132573,  132572,  132544
132577,  132577,  132573,  132573,  132545
132578,  132578,  132573,  132574,  132546
132579,  132579,  132577,  132575,  132547
132580,  132580,  132577,  132576,  132548
132581,  132581,  132577,  132577,  132549
132582,  132582,  132577,  132578,  132550
132583,  132583,  132581,  132579,  132551
132584,  132584,  132581,  132580,  132552
132585,  132585,  132581,  132581,  132553
132586,  132586,  132581,  132582,  132554
132587,  132587,  132585,  132583,  132555
132588,  132588,  132585,  132584,  132556
132589,  132589,  132585,  132585,  132557
132590,  132590,  132585,  132586,  132558
132591,  132591,  132589,  132587,  132559
132592,  132592,  132589,  132588,  132560
132593,  132593,  132589,  132589,  132561
132594,  132594,  132589,  132590,  132562
132595,  132595,  132593,  132591,  132563
132596,  132596,  132593,  132592,  132564
132597,  132597,  132593,  132593,  132565
132598,  132598,  132593,  132594,  132566
132599,  132599,  132597,  132595,  132567
132600,  132600,  132597,  132596,  132568
132601,  132601,  132597,  132597,  132569
132602,  132602,  132597,  132598,  132570
132603,  132603,  132601,  132599,  132571
132604,  132604,  132601,  132600,  132572
132605,  132605,  132601,  132601,  132573
132606,  132606,  132601,  132602,  132574
132607,  132607,  132605,  132603,  132575
132608,  132608,  132605,  132604,  132576
132609,  132609,  132605,  132605,  132577
132610,  132610,  132605,  132606,  132578
132611,  132611,  132609,  132607,  132579
132612,  132612,  132609,  132608,  132580
132613,  132613,  132609,  132609,  132581
132614,  132614,  132609,  132610,  132582
132615,  132615,  132613,  132611,  132583
132616,  132616,  132613,  132612,  132584
132617,  132617,  132613,  132613,  132585
132618,  132618,  132613,  132614,  132586
132619,  132619,  132617,  132615,  132587
132620,  132620,  132617,  132616,  132588
132621,  132621,  132617,  132617,  132589
132622,  132622,  132617,  132618,  132590
132623,  132623,  132621,  132619,  132591
132624,  132624,  132621,  132620,  132592
132625,  132625,  132621,  132621,  132593
132626,  132626,  132621,  132622,  132594
132627,  132627,  132625,  132623,  132595
132628,  132628,  132625,  132624,  132596
132629,  132629,  132625,  132625,  132597
132630,  132630,  132625,  132626,  132598
132631,  132631,  132629,  132627,  132599
132632,  132632,  132629,  132628,  132600
132633,  132633,  132629,  132629,  132601
132634,  132634,  132629,  132630,  132602
132635,  132635,  132633,  132631,  132603
132636,  132636,  132633,  132632,  132604
132637,  132637,  132633,  132633,  132605
132638,  132638,  132633,  132634,  132606
132639,  132639,  132637,  132635,  132607
132640,  132640,  132637,  132636,  132608
132641,  132641,  132637,  132637,  132609
132642,  132642,  132637,  132638,  132610
132643,  132643,  132641,  132639,  132611
132644,  132644,  132641,  132640,  132612
132645,  132645,  132641,  132641,  132613
132646,  132646,  132641,  132642,  132614
132647,  132647,  132645,  132643,  132615
132648,  132648,  132645,  132644,  132616
132649,  132649,  132645,  132645,  132617
132650,  132650,  132645,  132646,  132618
132651,  132651,  132649,  132647,  132619
132652,  132652,  132649,  132648,  132620
132653,  132653,  132649,  132649,  132621
132654,  132654,  132649,  132650,  132622
132655,  132655,  132653,  132651,  132623
132656,  132656,  132653,  132652,  132624
132657,  132657,  132653,  132653,  132625
132658,  132658,  132653,  132654,  132626
132659,  132659,  132657,  132655,  132627
132660,  132660,  132657,  132656,  132628
132661,  132661,  132657,  132657,  132629
132662,  132662,  132657,  132658,  132630
132663,  132663,  132661,  132659,  132631
132664,  132664,  132661,  132660,  132632
132665,  132665,  132661,  132661,  132633
132666,  132666,  132661,  132662,  132634
132667,  132667,  132665,  132663,  132635
132668,  132668,  132665,  132664,  132636
132669,  132669,  132665,  132665,  132637
132670,  132670,  132665,  132666,  132638
132671,  132671,  132669,  132667,  132639
132672,  132672,  132669,  132668,  132640
132673,  132673,  132669,  132669,  132641
132674,  132674,  132669,  132670,  132642
132675,  132675,  132673,  132671,  132643
132676,  132676,  132673,  132672,  132644
132677,  132677,  132673,  132673,  132645
132678,  132678,  132673,  132674,  132646
132679,  132679,  132677,  132675,  132647
132680,  132680,  132677,  132676,  132648
132681,  132681,  132677,  132677,  132649
132682,  132682,  132677,  132678,  132650
132683,  132683,  132681,  132679,  132651
132684,  132684,  132681,  132680,  132652
132685,  132685,  132681,  132681,  132653
132686,  132686,  132681,  132682,  132654
132687,  132687,  132685,  132683,  132655
132688,  132688,  132685,  132684,  132656
132689,  132689,  132685,  132685,  132657
132690,  132690,  132685,  132686,  132658
132691,  132691,  132689,  132687,  132659
132692,  132692,  132689,  132688,  132660
132693,  132693,  132689,  132689,  132661
132694,  132694,  132689,  132690,  132662
132695,  132695,  132693,  132691,  132663
132696,  132696,  132693,  132692,  132664
132697,  132697,  132693,  132693,  132665
132698,  132698,  132693,  132694,  132666
132699,  132699,  132697,  132695,  132667
132700,  132700,  132697,  132696,  132668
132701,  132701,  132697,  132697,  132669
132702,  132702,  132697,  132698,  132670
132703,  132703,  132701,  132699,  132671
132704,  132704,  132701,  132700,  132672
132705,  132705,  132701,  132701,  132673
132706,  132706,  132701,  132702,  132674
132707,  132707,  132705,  132703,  132675
132708,  132708,  132705,  132704,  132676
132709,  132709,  132705,  132705,  132677
132710,  132710,  132705,  132706,  132678
132711,  132711,  132709,  132707,  132679
132712,  132712,  132709,  132708,  132680
132713,  132713,  132709,  132709,  132681
132714,  132714,  132709,  132710,  132682
132715,  132715,  132713,  132711,  132683
132716,  132716,  132713,  132712,  132684
132717,  132717,  132713,  132713,  132685
132718,  132718,  132713,  132714,  132686
132719,  132719,  132717,  132715,  132687
132720,  132720,  132717,  132716,  132688
132721,  132721,  132717,  132717,  132689
132722,  132722,  132717,  132718,  132690
132723,  132723,  132721,  132719,  132691
132724,  132724,  132721,  132720,  132692
132725,  132725,  132721,  132721,  132693
132726,  132726,  132721,  132722,  132694
132727,  132727,  132725,  132723,  132695
132728,  132728,  132725,  132724,  132696
132729,  132729,  132725,  132725,  132697
132730,  132730,  132725,  132726,  132698
132731,  132731,  132729,  132727,  132699
132732,  132732,  132729,  132728,  132700
132733,  132733,  132729,  132729,  132701
132734,  132734,  132729,  132730,  132702
132735,  132735,  132733,  132731,  132703
132736,  132736,  132733,  132732,  132704
132737,  132737,  132733,  132733,  132705
132738,  132738,  132733,  132734,  132706
132739,  132739,  132737,  132735,  132707
132740,  132740,  132737,  132736,  132708
132741,  132741,  132737,  132737,  132709
132742,  132742,  132737,  132738,  132710
132743,  132743,  132741,  132739,  132711
132744,  132744,  132741,  132740,  132712
132745,  132745,  132741,  132741,  132713
132746,  132746,  132741,  132742,  132714
132747,  132747,  132745,  132743,  132715
132748,  132748,  132745,  132744,  132716
132749,  132749,  132745,  132745,  132717
132750,  132750,  132745,  132746,  132718
132751,  132751,  132749,  132747,  132719
132752,  132752,  132749,  132748,  132720
132753,  132753,  132749,  132749,  132721
132754,  132754,  132749,  132750,  132722
132755,  132755,  132753,  132751,  132723
132756,  132756,  132753,  132752,  132724
132757,  132757,  132753,  132753,  132725
132758,  132758,  132753,  132754,  132726
132759,  132759,  132757,  132755,  132727
132760,  132760,  132757,  132756,  132728
132761,  132761,  132757,  132757,  132729
132762,  132561,  132757,  132758,  132730
132763,  132561,  132761,  132759,  132731
132764,  132561,  132761,  132760,  132732
132765,  132561,  132761,  132761,  132733
132766,  132561,  132761,  132762,  132734
132767,  132561,  132765,  132763,  132735
132768,  132561,  132765,  132764,  132736
132769,  132561,  132765,  132765,  132737
132770,  132561,  132765,  132766,  132738
132771,  132771,  132769,  132767,  132739
132772,  132772,  132769,  132768,  132740
132773,  132773,  132769,  132769,  132741
132774,  132774,  132769,  132770,  132742
132775,  132775,  132773,  132771,  132743
132776,  132776,  132773,  132772,  132744
132777,  132777,  132773,  132773,  132745
132778,  132778,  132773,  132774,  132746
132779,  132779,  132777,  132775,  132747
132780,  132780,  132777,  132776,  132748
132781,  132781,  132777,  132777,  132749
132782,  132782,  132777,  132778,  132750
132783,  132783,  132781,  132779,  132751
132784,  132784,  132781,  132780,  132752
132785,  132785,  132781,  132781,  132753
132786,  132786,  132781,  132782,  132754
132787,  132787,  132785,  132783,  132755
132788,  132788,  132785,  132784,  132756
132789,  132789,  132785,  132785,  132757
132790,  132790,  132785,  132786,  132758
132791,  132791,  132789,  132787,  132759
132792,  132792,  132789,  132788,  132760
132793,  132793,  132789,  132789,  132761
132794,  132794,  132789,  132790,  132762
132795,  132795,  132793,  132791,  132763
132796,  132796,  132793,  132792,  132764
132797,  132797,  132793,  132793,  132765
132798,  132798,  132793,  132794,  132766
132799,  132799,  132797,  132795,  132767
132800,  132800,  132797,  132796,  132768
132801,  132801,  132797,  132797,  132769
132802,  132802,  132797,  132798,  132770
132803,  132803,  132801,  132799,  132771
132804,  132804,  132801,  132800,  132772
132805,  132805,  132801,  132801,  132773
132806,  132806,  132801,  132802,  132774
132807,  132807,  132805,  132803,  132775
132808,  132808,  132805,  132804,  132776
132809,  132809,  132805,  132805,  132777
132810,  132810,  132805,  132806,  132778
132811,  132811,  132809,  132807,  132779
132812,  132812,  132809,  132808,  132780
132813,  132813,  132809,  132809,  132781
132814,  132814,  132809,  132810,  132782
132815,  132815,  132813,  132811,  132783
132816,  132816,  132813,  132812,  132784
132817,  132817,  132813,  132813,  132785
132818,  132818,  132813,  132814,  132786
132819,  132819,  132817,  132815,  132787
132820,  132820,  132817,  132816,  132788
132821,  132821,  132817,  132817,  132789
132822,  132822,  132817,  132818,  132790
132823,  132823,  132821,  132819,  132791
132824,  132824,  132821,  132820,  132792
132825,  132825,  132821,  132821,  132793
132826,  132826,  132821,  132822,  132794
132827,  132827,  132825,  132823,  132795
132828,  132828,  132825,  132824,  132796
132829,  132829,  132825,  132825,  132797
132830,  132830,  132825,  132826,  132798
132831,  132831,  132829,  132827,  132799
132832,  132832,  132829,  132828,  132800
132833,  132833,  132829,  132829,  132801
132834,  132834,  132829,  132830,  132802
132835,  132835,  132833,  132831,  132803
132836,  132836,  132833,  132832,  132804
132837,  132837,  132833,  132833,  132805
132838,  132838,  132833,  132834,  132806
132839,  132839,  132837,  132835,  132807
132840,  132840,  132837,  132836,  132808
132841,  132841,  132837,  132837,  132809
132842,  132842,  132837,  132838,  132810
132843,  132843,  132841,  132839,  132811
132844,  132844,  132841,  132840,  132812
132845,  132845,  132841,  132841,  132813
132846,  132846,  132841,  132842,  132814
132847,  132847,  132845,  132843,  132815
132848,  132848,  132845,  132844,  132816
132849,  132849,  132845,  132845,  132817
132850,  132850,  132845,  132846,  132818
