Origin,   Shake,    Average,    Moving,     IIR
16771270,  0,  0,  16771270,  16769828
16767916,  0,  0,  16767916,  16769820
16765821,  0,  16768703,  16765821,  16765821
16767681,  0,  16768703,  16767681,  16765850
16767409,  0,  16768703,  16767409,  16767409
16766975,  0,  16768703,  16766975,  16767402
16768613,  0,  16767669,  16768613,  16767414
16770369,  0,  16767669,  16768256,  16770369
16770162,  16770162,  16767669,  16768118,  16770365
16767743,  16767743,  16767669,  16768096,  16770320
16767569,  16767569,  16768960,  16768315,  16767569
16766231,  16767743,  16768960,  16768133,  16767548
16767139,  16767743,  16768960,  16768100,  16767521
16767200,  16767743,  16768960,  16768128,  16767510
16767576,  16767576,  16767036,  16767998,  16767506
16766925,  16767743,  16767036,  16767568,  16767498
16766634,  16767743,  16767036,  16767127,  16767475
16768478,  16767743,  16767036,  16767219,  16767477
16769520,  16767743,  16767889,  16767462,  16767524
16770902,  16767743,  16767889,  16768046,  16770902
16770256,  16767743,  16767889,  16768436,  16770891
16769118,  16767743,  16767889,  16768676,  16770853
16770496,  16767743,  16770193,  16769041,  16770820
16771082,  16767743,  16770193,  16769560,  16770819
16769689,  16769689,  16770193,  16769942,  16770805
16771226,  16771226,  16770193,  16770286,  16770794
16771760,  16771760,  16770939,  16770566,  16770815
16770352,  16770352,  16770939,  16770497,  16770822
16769891,  16769891,  16770939,  16770451,  16770800
16769556,  16769556,  16770939,  16770506,  16770766
16771377,  16771377,  16770294,  16770616,  16770756
16771490,  16771490,  16770294,  16770667,  16770777
16771767,  16771377,  16770294,  16770927,  16770803
16769260,  16771377,  16770294,  16770681,  16770793
16770170,  16771377,  16770671,  16770482,  16770759
16770611,  16771377,  16770671,  16770515,  16770747
16772003,  16771377,  16770671,  16770779,  16770764
16772289,  16771377,  16770671,  16771120,  16770807
16772894,  16771377,  16771949,  16771310,  16772894
16771428,  16771428,  16771949,  16771302,  16772871
16773204,  16771377,  16771949,  16771482,  16772853
16774722,  16771377,  16771949,  16772165,  16772887
16773303,  16771377,  16773164,  16772556,  16772922
16772504,  16771377,  16773164,  16772793,  16772921
16771754,  16771377,  16773164,  16772762,  16772896
16773172,  16771377,  16773164,  16772872,  16772882
16773876,  16771377,  16772826,  16772995,  16772902
16773880,  16771377,  16772826,  16773301,  16772932
16774767,  16771377,  16772826,  16773497,  16772975
16773439,  16773439,  16772826,  16773336,  16773010
16770365,  16770365,  16773112,  16772969,  16772975
16770157,  16770157,  16773112,  16772676,  16770157
16770093,  16770093,  16773112,  16772468,  16770156
16769692,  16770157,  16773112,  16772033,  16770147
16769351,  16770157,  16769823,  16771468,  16770127
16770166,  16770166,  16769823,  16771003,  16770115
16772168,  16770157,  16769823,  16770678,  16770147
16773374,  16770157,  16769823,  16770670,  16773374
16771738,  16770157,  16771861,  16770842,  16773348
16771863,  16770157,  16771861,  16771055,  16773299
16773278,  16770157,  16771861,  16771453,  16773276
16772645,  16770157,  16771861,  16771822,  16773266
16771283,  16770157,  16772267,  16772064,  16773225
16771967,  16770157,  16772267,  16772289,  16773175
16771034,  16770157,  16772267,  16772147,  16771034
16769894,  16769894,  16772267,  16771712,  16771016
16770944,  16770944,  16770959,  16771613,  16770997
16770592,  16770592,  16770959,  16771454,  16770989
16769761,  16769761,  16770959,  16771015,  16770963
16770301,  16770301,  16770959,  16770722,  16770933
16770671,  16770671,  16770331,  16770645,  16770919
16769855,  16769855,  16770331,  16770381,  16770898
16769129,  16769129,  16770331,  16770143,  16770854
16768752,  16768752,  16770331,  16770000,  16768752
16766013,  16766013,  16768437,  16769384,  16768709
16764910,  16764910,  16768437,  16768674,  16764910
16764809,  16764809,  16768437,  16768055,  16764908
16763542,  16764910,  16768437,  16767210,  16764885
16765741,  16764910,  16764750,  16766593,  16764877
16765926,  16764910,  16764750,  16766102,  16764906
16767459,  16764910,  16764750,  16765894,  16767459
16767478,  16764910,  16764750,  16765734,  16767459
16766202,  16764910,  16766766,  16765758,  16767439
16765484,  16764910,  16766766,  16765830,  16767389
16765639,  16764910,  16766766,  16765933,  16765639
16767487,  16764910,  16766766,  16766427,  16765667
16768835,  16768835,  16766861,  16766813,  16768835
16769281,  16769281,  16766861,  16767233,  16768841
16767370,  16767370,  16766861,  16767222,  16768824
16764832,  16764832,  16766861,  16766891,  16764832
16765127,  16765127,  16766652,  16766756,  16764836
16765588,  16765588,  16766652,  16766769,  16764852
16764555,  16764555,  16766652,  16766634,  16764858
16766403,  16766403,  16766652,  16766498,  16764877
16767407,  16767407,  16765988,  16766320,  16767407
16766798,  16766798,  16765988,  16766010,  16767397
16766194,  16766194,  16765988,  16765863,  16767368
16764348,  16764348,  16765988,  16765802,  16764348
16765528,  16765528,  16765717,  16765852,  16764366
16767599,  16767599,  16765717,  16766104,  16767599
16768484,  16768484,  16765717,  16766595,  16767612
16768380,  16768380,  16765717,  16766842,  16767637
16768948,  16768484,  16768352,  16767034,  16767669
16769304,  16768484,  16768352,  16767348,  16767714
16769036,  16768484,  16768352,  16767703,  16767759
16764483,  16768484,  16768352,  16767720,  16767727
16762795,  16768484,  16766404,  16767378,  16762795
16765653,  16768484,  16766404,  16767135,  16762839
16765022,  16768484,  16766404,  16766702,  16765022
16764049,  16768484,  16766404,  16766161,  16765006
16763378,  16768484,  16764525,  16765465,  16764965
16764385,  16764385,  16764525,  16764850,  16764931
16764181,  16764181,  16764525,  16764243,  16764910
16764255,  16764255,  16764525,  16764214,  16764888
16764273,  16764273,  16764273,  16764399,  16764868
16765434,  16764181,  16764273,  16764372,  16764867
16765871,  16764181,  16764273,  16764478,  16764891
16765326,  16764181,  16764273,  16764637,  16764913
16765004,  16764181,  16765408,  16764841,  16764920
16764892,  16764181,  16765408,  16764904,  16764920
16765976,  16764181,  16765408,  16765128,  16764936
16765339,  16764181,  16765408,  16765264,  16764958
16765154,  16764181,  16765340,  16765374,  16764967
16765009,  16764181,  16765340,  16765321,  16764970
16765626,  16765626,  16765340,  16765290,  16764980
16766203,  16766203,  16765340,  16765400,  16765009
16764946,  16764946,  16765446,  16765393,  16765026
16764299,  16764299,  16765446,  16765319,  16765013
16764686,  16764686,  16765446,  16765157,  16764996
16763959,  16763959,  16765446,  16764985,  16764974
16764547,  16764547,  16764372,  16764909,  16764951
16766138,  16766138,  16764372,  16765050,  16764963
16767192,  16767192,  16764372,  16765246,  16767192
16766848,  16766848,  16764372,  16765326,  16767186
16767280,  16767280,  16766864,  16765618,  16767182
16768309,  16768309,  16766864,  16766119,  16767201
16767134,  16767134,  16766864,  16766425,  16767217
16767113,  16767113,  16766864,  16766820,  16767214
16768352,  16767134,  16767727,  16767295,  16767230
16768009,  16767134,  16767727,  16767529,  16767259
16766302,  16767134,  16767727,  16767418,  16767255
16767882,  16767134,  16767727,  16767547,  16767249
16770273,  16767134,  16768116,  16767921,  16770273
16768691,  16767134,  16768116,  16767969,  16770248
16767823,  16767134,  16768116,  16768055,  16767823
16766994,  16766994,  16768116,  16768040,  16767810
16766627,  16767134,  16767533,  16767825,  16767778
16766366,  16767134,  16767533,  16767619,  16767737
16765970,  16767134,  16767533,  16767578,  16767687
16768472,  16767134,  16767533,  16767652,  16767672
16771397,  16767134,  16768051,  16767792,  16771397
16769174,  16767134,  16768051,  16767852,  16771362
16769413,  16767134,  16768051,  16768051,  16769413
16769492,  16767134,  16768051,  16768363,  16769414
16767304,  16767304,  16768845,  16768448,  16769382
16765867,  16767134,  16768845,  16768386,  16765867
16766259,  16767134,  16768845,  16768422,  16765873
16766011,  16767134,  16768845,  16768114,  16765881
16766741,  16767134,  16766219,  16767532,  16765896
16767428,  16767134,  16766219,  16767314,  16765933
16765412,  16767134,  16766219,  16766814,  16765948
16765288,  16767134,  16766219,  16766288,  16765929
16766289,  16767134,  16766104,  16766161,  16765924
16766706,  16767134,  16766104,  16766266,  16765941
16766796,  16766796,  16766104,  16766333,  16765966
16766214,  16766214,  16766104,  16766359,  16765982
16767501,  16767501,  16766804,  16766454,  16766009
16766480,  16766480,  16766804,  16766335,  16766039
16765953,  16765953,  16766804,  16766403,  16766044
16766677,  16766677,  16766804,  16766577,  16766052
16768972,  16768972,  16767020,  16766912,  16768972
16767427,  16767427,  16767020,  16767002,  16768947
16766599,  16766599,  16767020,  16766977,  16766599
16766525,  16766525,  16767020,  16767016,  16766597
16766186,  16766599,  16766684,  16766852,  16766589
16764861,  16766599,  16766684,  16766650,  16766555
16765804,  16766599,  16766684,  16766631,  16766516
16766323,  16766599,  16766684,  16766587,  16766501
16766799,  16766799,  16765946,  16766315,  16766502
16765464,  16766599,  16765946,  16766070,  16766490
16764399,  16766599,  16765946,  16765795,  16766441
16763979,  16766599,  16765946,  16765476,  16763979
16765055,  16766599,  16764724,  16765335,  16763995
16766198,  16766599,  16764724,  16765502,  16764045
16765734,  16766599,  16764724,  16765493,  16765734
16766877,  16766599,  16764724,  16765563,  16765751
16768488,  16766599,  16766824,  16765774,  16768488
16769473,  16766599,  16766824,  16766275,  16768503
16769889,  16769889,  16766824,  16766961,  16768539
16769570,  16769570,  16766824,  16767660,  16768576
16770509,  16770509,  16769860,  16768342,  16768621
16768691,  16768691,  16769860,  16768653,  16768651
16767713,  16767713,  16769860,  16768901,  16768636
16768494,  16768494,  16769860,  16769103,  16768619
16767481,  16767481,  16768094,  16768977,  16768599
16768075,  16768075,  16768094,  16768802,  16768573
16768657,  16768657,  16768094,  16768648,  16768566
16766499,  16766499,  16768094,  16768264,  16768535
16766933,  16766933,  16767541,  16767817,  16766933
16766279,  16766279,  16767541,  16767516,  16766922
16766063,  16766063,  16767541,  16767310,  16766898
16766527,  16766527,  16767541,  16767064,  16766879
16765894,  16765894,  16766190,  16766865,  16766858
16765396,  16765396,  16766190,  16766531,  16766820
16765228,  16765228,  16766190,  16766102,  16766772
16765126,  16765396,  16766190,  16765930,  16766722
16764592,  16765396,  16765085,  16765638,  16764592
16765514,  16765514,  16765085,  16765542,  16764606
16766003,  16765396,  16765085,  16765535,  16764642
16766711,  16765396,  16765085,  16765558,  16766711
16766271,  16765396,  16766124,  16765605,  16766704
16766661,  16765396,  16766124,  16765763,  16766696
16766089,  16765396,  16766124,  16765870,  16766685
16765175,  16765396,  16766124,  16765877,  16766652
16763467,  16765396,  16765348,  16765736,  16763467
16763310,  16765396,  16765348,  16765460,  16763464
16765803,  16765396,  16765348,  16765435,  16763498
16767149,  16767149,  16765348,  16765490,  16767149
16767187,  16767187,  16765862,  16765605,  16767149
16766832,  16767149,  16765862,  16765626,  16767144
16767817,  16767149,  16765862,  16765842,  16767149
16770267,  16767149,  16765862,  16766479,  16770267
16769148,  16767149,  16768516,  16767189,  16770249
16767956,  16767149,  16768516,  16767769,  16767956
16766690,  16767149,  16768516,  16767880,  16767936
16767731,  16767149,  16768516,  16767953,  16767913
16767514,  16767149,  16767472,  16767994,  16767903
16766028,  16767149,  16767472,  16767893,  16767867
16765498,  16765498,  16767472,  16767604,  16765498
16765352,  16765352,  16767472,  16766989,  16765495
16765752,  16765498,  16765657,  16766565,  16765496
16766368,  16765498,  16765657,  16766366,  16765513
16764396,  16765498,  16765657,  16766079,  16765508
16763416,  16765498,  16765657,  16765540,  16763416
16764181,  16765498,  16764590,  16765123,  16763427
16767017,  16765498,  16764590,  16765247,  16767017
16770084,  16765498,  16764590,  16765820,  16767064
16771228,  16765498,  16764590,  16766555,  16771228
16770539,  16765498,  16769717,  16767153,  16771217
16771427,  16771427,  16769717,  16767786,  16771209
16770039,  16770039,  16769717,  16768491,  16771194
16768931,  16768931,  16769717,  16769180,  16768931
16767111,  16767111,  16769377,  16769547,  16768902
16767306,  16767306,  16769377,  16769583,  16767306
16769468,  16767111,  16769377,  16769506,  16767339
16770116,  16767111,  16769377,  16769367,  16770116
16770406,  16767111,  16769324,  16769350,  16770120
16770367,  16767111,  16769324,  16769218,  16770128
16770073,  16767111,  16769324,  16769222,  16770130
16768574,  16767111,  16769324,  16769177,  16770104
16769483,  16767111,  16769624,  16769474,  16770070
16771266,  16767111,  16769624,  16769969,  16770079
16769692,  16767111,  16769624,  16769997,  16770091
16767967,  16767967,  16769624,  16769728,  16770051
16767193,  16767193,  16769029,  16769326,  16767193
16769808,  16769808,  16769029,  16769257,  16767233
16772666,  16772666,  16769029,  16769581,  16772666
16771264,  16771264,  16769029,  16769917,  16772644
16770262,  16770262,  16771000,  16770014,  16770262
16769724,  16769724,  16771000,  16769822,  16770253
16770877,  16770877,  16771000,  16769970,  16770254
16770681,  16770681,  16771000,  16770309,  16770270
16769524,  16770877,  16770201,  16770600,  16770264
16769606,  16770877,  16770201,  16770575,  16770242
16769849,  16770877,  16770201,  16770223,  16770225
16769128,  16770877,  16770201,  16769956,  16770201
16768384,  16770877,  16769241,  16769721,  16770155
16768979,  16770877,  16769241,  16769628,  16770108
16770565,  16770877,  16769241,  16769589,  16770097
16771314,  16770877,  16769241,  16769668,  16770123
16772094,  16770877,  16770738,  16769989,  16770172
16771965,  16771965,  16770738,  16770284,  16771965
16773107,  16773107,  16770738,  16770692,  16771982
16772005,  16772005,  16770738,  16771051,  16771999
16772752,  16772752,  16772457,  16771597,  16772010
16771667,  16771667,  16772457,  16771933,  16772016
16769225,  16769225,  16772457,  16771766,  16771966
16768519,  16768519,  16772457,  16771416,  16768519
16770627,  16770627,  16770009,  16771233,  16768551
16769976,  16769976,  16770009,  16770984,  16769976
16770121,  16770121,  16770009,  16770611,  16769978
16772197,  16769976,  16770009,  16770635,  16770014
16771173,  16769976,  16770866,  16770438,  16771173
16772113,  16769976,  16770866,  16770493,  16771187
16772470,  16769976,  16770866,  16770899,  16771221
16772140,  16769976,  16770866,  16771352,  16771254
16772231,  16769976,  16772238,  16771552,  16771283
16772377,  16769976,  16772238,  16771852,  16771314
16773036,  16769976,  16772238,  16772217,  16771357
16774706,  16769976,  16772238,  16772530,  16774706
16774806,  16774806,  16773731,  16772984,  16774707
16773608,  16773608,  16773731,  16773171,  16774691
16773161,  16773161,  16773731,  16773258,  16774650
16772671,  16772671,  16773731,  16773324,  16772671
16772059,  16772059,  16772874,  16773303,  16772661
16772069,  16772069,  16772874,  16773264,  16772642
16771518,  16772059,  16772874,  16773074,  16772615
16772255,  16772255,  16772874,  16772768,  16772592
16771514,  16772059,  16771839,  16772356,  16772569
16770198,  16772059,  16771839,  16771930,  16770198
16768425,  16772059,  16771839,  16771338,  16770170
16769365,  16772059,  16771839,  16770925,  16770130
16769385,  16772059,  16769343,  16770591,  16770106
16770020,  16772059,  16769343,  16770335,  16770093
16770698,  16772059,  16769343,  16770232,  16770101
16770269,  16772059,  16769343,  16769984,  16770112
16769651,  16772059,  16770159,  16769751,  16770107
16771731,  16771731,  16770159,  16769943,  16770125
16771732,  16771732,  16770159,  16770356,  16770175
16771475,  16771731,  16770159,  16770620,  16770219
16772294,  16771731,  16771808,  16770983,  16772294
16771411,  16771731,  16771808,  16771157,  16772280
16771785,  16771785,  16771808,  16771293,  16772258
16771733,  16771733,  16771808,  16771476,  16772242
16772684,  16771731,  16771903,  16771855,  16772240
16772071,  16771731,  16771903,  16771898,  16772244
16771423,  16771731,  16771903,  16771859,  16772228
16771277,  16771731,  16771903,  16771834,  16772200
16770709,  16771731,  16771370,  16771636,  16772162
16771018,  16771731,  16771370,  16771587,  16772121
16770986,  16771731,  16771370,  16771487,  16772086
16771532,  16771532,  16771370,  16771462,  16772060
16771709,  16771709,  16771311,  16771340,  16772046
16770305,  16771731,  16771311,  16771119,  16772013
16770985,  16771731,  16771311,  16771065,  16771970
16772018,  16771731,  16771311,  16771157,  16771955
16770988,  16771731,  16771074,  16771192,  16771940
16770572,  16771731,  16771074,  16771136,  16771903
16770728,  16771731,  16771074,  16771104,  16771863
16771978,  16771731,  16771074,  16771160,  16771847
16772024,  16771731,  16771325,  16771199,  16771851
16772527,  16771731,  16771325,  16771477,  16771864
16769566,  16769566,  16771325,  16771300,  16771838
16768674,  16768674,  16771325,  16770882,  16768674
16768258,  16768258,  16769756,  16770540,  16768667
16769735,  16769735,  16769756,  16770436,  16768677
16768572,  16768572,  16769756,  16770166,  16768691
16768037,  16768037,  16769756,  16769674,  16768678
16767052,  16767052,  16768349,  16769052,  16768642
16766284,  16766284,  16768349,  16768272,  16766284
16765183,  16765183,  16768349,  16767724,  16766266
16764946,  16764946,  16768349,  16767258,  16766228
16765026,  16765026,  16765359,  16766854,  16766189
16765382,  16764946,  16765359,  16766310,  16766158
16766650,  16764946,  16765359,  16766070,  16766153
16766344,  16764946,  16765359,  16765858,  16766163
16768066,  16764946,  16766610,  16765985,  16766195
16768492,  16764946,  16766610,  16766261,  16768492
16768442,  16764946,  16766610,  16766668,  16768491
16768692,  16764946,  16766610,  16767136,  16768493
16769472,  16764946,  16768774,  16767692,  16768511
16769800,  16764946,  16768774,  16768244,  16768546
16768423,  16768423,  16768774,  16768466,  16768563
16769172,  16769172,  16768774,  16768819,  16768570
16770552,  16770552,  16769486,  16769130,  16768610
16769264,  16769264,  16769486,  16769227,  16768650
16769139,  16769139,  16769486,  16769314,  16768667
16769423,  16769423,  16769486,  16769405,  16768686
16768675,  16769264,  16769125,  16769306,  16768697
16770961,  16769264,  16769125,  16769451,  16768732
16771029,  16769264,  16769125,  16769776,  16771029
16772213,  16769264,  16769125,  16770157,  16771047
16770514,  16769264,  16771179,  16770152,  16771056
16770471,  16769264,  16771179,  16770303,  16771038
16770753,  16769264,  16771179,  16770504,  16771024
16770238,  16769264,  16771179,  16770606,  16771007
16768742,  16769264,  16770051,  16770615,  16770959
16769567,  16769567,  16770051,  16770440,  16769567
16769249,  16769249,  16770051,  16770218,  16769562
16768770,  16768770,  16770051,  16769788,  16769544
16769964,  16769964,  16769387,  16769719,  16769538
16769426,  16769426,  16769387,  16769588,  16769542
16769622,  16769622,  16769387,  16769447,  16769541
16770150,  16769426,  16769387,  16769436,  16769551
16770719,  16769426,  16769979,  16769683,  16769578
16770222,  16769426,  16769979,  16769765,  16769605
16769320,  16769320,  16769979,  16769774,  16769610
16770495,  16769426,  16769979,  16769989,  16769619
16770516,  16769426,  16770138,  16770058,  16769646
16769033,  16769426,  16770138,  16770009,  16769650
16767393,  16769426,  16770138,  16769731,  16769605
16767482,  16769426,  16770138,  16769397,  16767482
16769333,  16769333,  16768310,  16769224,  16767510
16769275,  16769275,  16768310,  16769105,  16769275
16769888,  16769426,  16768310,  16769176,  16769284
16768911,  16769426,  16768310,  16768978,  16769287
16766007,  16769426,  16768520,  16768415,  16766007
16766553,  16769426,  16768520,  16768105,  16766015
16767984,  16769426,  16768520,  16768179,  16766054
16766554,  16769426,  16768520,  16768063,  16766091
16767953,  16769426,  16767261,  16767890,  16766127
16768973,  16769426,  16767261,  16767852,  16768973
16768596,  16769426,  16767261,  16767691,  16768967
16767921,  16767921,  16767261,  16767567,  16768944
16768361,  16768361,  16768462,  16767861,  16768918
16768608,  16768608,  16768462,  16768118,  16768904
16768659,  16768659,  16768462,  16768203,  16768895
16770152,  16768608,  16768462,  16768652,  16768910
16769282,  16768608,  16769175,  16768819,  16768935
16768193,  16768608,  16769175,  16768721,  16768928
16769298,  16768608,  16769175,  16768809,  16768922
16769090,  16768608,  16769175,  16768955,  16768930
16768644,  16768644,  16768806,  16768990,  16768928
16769658,  16768608,  16768806,  16769122,  16768934
16768892,  16768608,  16768806,  16769151,  16768944
16766924,  16768608,  16768806,  16768747,  16768911
16766698,  16768608,  16768043,  16768424,  16766698
16767068,  16768608,  16768043,  16768284,  16766703
16766988,  16768608,  16768043,  16767995,  16766713
16765337,  16768608,  16768043,  16767526,  16766695
16764166,  16768608,  16765889,  16766966,  16764166
16763735,  16768608,  16765889,  16766226,  16764159
16764397,  16764397,  16765889,  16765664,  16764156
16765590,  16765590,  16765889,  16765497,  16764182
16766030,  16766030,  16764938,  16765413,  16764232
16767161,  16767161,  16764938,  16765425,  16767161
16765638,  16765638,  16764938,  16765256,  16767137
16766697,  16766697,  16764938,  16765426,  16767106
16767470,  16767470,  16766741,  16765839,  16767105
16766811,  16766811,  16766741,  16766224,  16767106
16767582,  16767582,  16766741,  16766622,  16767108
16767599,  16767599,  16766741,  16766873,  16767123
16767349,  16767582,  16767335,  16767038,  16767133
16767337,  16767582,  16767335,  16767060,  16767139
16766919,  16767582,  16767335,  16767220,  16767138
16766522,  16767582,  16767335,  16767198,  16767124
16766842,  16767582,  16766905,  16767120,  16767110
16766853,  16767582,  16766905,  16767125,  16767101
16765601,  16767582,  16766905,  16766877,  16767073
16767144,  16767582,  16766905,  16766820,  16767051
16765993,  16767582,  16766397,  16766651,  16767035
16765354,  16765354,  16766397,  16766403,  16766992
16766002,  16766002,  16766397,  16766288,  16766950
16765249,  16765249,  16766397,  16766129,  16766908
16765237,  16765237,  16765460,  16765929,  16765237
16763966,  16765249,  16765460,  16765568,  16765217
16763794,  16765249,  16765460,  16765342,  16765175
16765297,  16765297,  16765460,  16765111,  16765155
16766370,  16765249,  16764856,  16765158,  16765176
16766133,  16765249,  16764856,  16765256,  16765209
16767038,  16765249,  16764856,  16765385,  16765252
16766852,  16765249,  16764856,  16765585,  16766852
16767846,  16765249,  16766967,  16765912,  16766867
16767603,  16765249,  16766967,  16766366,  16766893
16764256,  16765249,  16766967,  16766424,  16766862
16764522,  16765249,  16766967,  16766327,  16764522
16765981,  16765249,  16765590,  16766278,  16764544
16764975,  16764975,  16765590,  16766134,  16764573
16764613,  16764613,  16765590,  16765831,  16764579
16765886,  16765886,  16765590,  16765710,  16764599
16765227,  16765227,  16765175,  16765382,  16764628
16765293,  16765293,  16765175,  16765094,  16764647
16765055,  16765055,  16765175,  16765194,  16764663
16765550,  16765227,  16765175,  16765322,  16764682
16768903,  16765227,  16766200,  16765687,  16768903
16771073,  16765227,  16766200,  16766450,  16768936
16771075,  16765227,  16766200,  16767257,  16771075
16771087,  16765227,  16766200,  16767907,  16771075
16771763,  16765227,  16771249,  16768724,  16771085
16772903,  16765227,  16771249,  16769676,  16771124
16772350,  16765227,  16771249,  16770588,  16771170
16772076,  16765227,  16771249,  16771403,  16771202
16772745,  16772745,  16772518,  16771884,  16771239
16770697,  16770697,  16772518,  16771837,  16771254
16770083,  16770083,  16772518,  16771713,  16771227
16770252,  16770252,  16772518,  16771608,  16771193
16771496,  16770083,  16770632,  16771575,  16771183
16771305,  16770083,  16770632,  16771375,  16771189
16770685,  16770083,  16770632,  16771167,  16771182
16770268,  16770268,  16770632,  16770941,  16771159
16771228,  16770083,  16770871,  16770751,  16771146
16770913,  16770083,  16770871,  16770778,  16771143
16770071,  16770071,  16770871,  16770777,  16771122
16769403,  16770083,  16770871,  16770671,  16771078
16769439,  16770083,  16769956,  16770414,  16769439
16768217,  16770083,  16769956,  16770028,  16769419
16771838,  16770083,  16769956,  16770172,  16769438
16772560,  16770083,  16769956,  16770458,  16772560
16771672,  16770083,  16771071,  16770514,  16772546
16773617,  16770083,  16771071,  16770852,  16772549
16774892,  16770083,  16771071,  16771454,  16774892
16773379,  16770083,  16771071,  16771951,  16774868
16772284,  16772284,  16773543,  16772307,  16772284
16772652,  16772652,  16773543,  16772861,  16772289
16772530,  16772530,  16773543,  16772948,  16772298
16771214,  16772652,  16773543,  16772780,  16772284
16772040,  16772652,  16772109,  16772826,  16772263
16772171,  16772652,  16772109,  16772645,  16772258
16773050,  16772652,  16772109,  16772415,  16772269
16773038,  16772652,  16772109,  16772372,  16772293
16773674,  16772652,  16772983,  16772546,  16772326
16772986,  16772652,  16772983,  16772587,  16772357
16771915,  16772652,  16772983,  16772511,  16772359
16772959,  16772652,  16772983,  16772729,  16772361
16772611,  16772611,  16772617,  16772800,  16772374
16771982,  16772652,  16772617,  16772776,  16772371
16770898,  16772652,  16772617,  16772507,  16772341
16770160,  16772652,  16772617,  16772148,  16770160
16771311,  16772652,  16771087,  16771852,  16770177
16770430,  16772652,  16771087,  16771533,  16770198
16768821,  16772652,  16771087,  16771146,  16770180
16766175,  16772652,  16771087,  16770298,  16766175
16768022,  16772652,  16768362,  16769724,  16766203
16769970,  16772652,  16768362,  16769473,  16769970
16770578,  16770578,  16768362,  16769433,  16769979
16772277,  16772277,  16768362,  16769698,  16770024
16773505,  16773505,  16771582,  16769972,  16773505
16771666,  16771666,  16771582,  16770126,  16773476
16769262,  16769262,  16771582,  16770181,  16769262
16768361,  16768361,  16771582,  16770455,  16769247
16768323,  16768323,  16769403,  16770492,  16769218
16769258,  16768361,  16769403,  16770403,  16769204
16767206,  16768361,  16769403,  16769982,  16769173
16766948,  16768361,  16769403,  16769316,  16766948
16767169,  16768361,  16767645,  16768524,  16766951
16768375,  16768375,  16767645,  16768112,  16766976
16771023,  16768361,  16767645,  16768332,  16771023
16770147,  16768361,  16767645,  16768556,  16771009
16768063,  16768361,  16769402,  16768523,  16768063
16767130,  16768361,  16769402,  16768257,  16768048
16766950,  16768361,  16769402,  16768225,  16768016
16769108,  16768361,  16769402,  16768495,  16768016
16768747,  16768361,  16767983,  16768692,  16768044
16767980,  16768361,  16767983,  16768643,  16768053
16769066,  16768361,  16767983,  16768398,  16768067
16770161,  16770161,  16767983,  16768400,  16768115
16769753,  16769753,  16769240,  16768611,  16769753
16772600,  16772600,  16769240,  16769295,  16769797
16771781,  16771781,  16769240,  16769899,  16771781
16768176,  16768176,  16769240,  16769783,  16768176
16767837,  16767837,  16770098,  16769669,  16768170
16768749,  16768749,  16770098,  16769765,  16768173
16769044,  16769044,  16770098,  16769762,  16768195
16768157,  16768157,  16770098,  16769512,  16768207
16769044,  16769044,  16768748,  16769423,  16768219
16768977,  16768977,  16768748,  16768970,  16768243
16768298,  16769044,  16768748,  16768535,  16768255
16765844,  16769044,  16768748,  16768243,  16768218
16764785,  16769044,  16766976,  16767862,  16764785
16766092,  16769044,  16766976,  16767530,  16764805
16767015,  16769044,  16766976,  16767276,  16767015
16767854,  16769044,  16766976,  16767238,  16767028
16767922,  16769044,  16767220,  16767098,  16767054
16767807,  16769044,  16767220,  16766952,  16767079
16767368,  16769044,  16767220,  16766835,  16767094
16767251,  16767251,  16767220,  16767011,  16767100
16766738,  16766738,  16767291,  16767255,  16767096
16765879,  16765879,  16767291,  16767229,  16767071
16765759,  16765759,  16767291,  16767072,  16767031
16765781,  16765781,  16767291,  16766813,  16766991
16764793,  16765879,  16765553,  16766422,  16764793
16764248,  16765879,  16765553,  16765977,  16764784
16764798,  16765879,  16765553,  16765655,  16764775
16765926,  16765926,  16765553,  16765490,  16764793
16766247,  16765879,  16765304,  16765428,  16764833
16766580,  16765879,  16765304,  16765516,  16764882
16765672,  16765879,  16765304,  16765505,  16764920
16766359,  16765879,  16765304,  16765577,  16764954
16768838,  16765879,  16766862,  16766083,  16768838
16768596,  16765879,  16766862,  16766627,  16768834
16768415,  16765879,  16766862,  16767079,  16768823
16768777,  16765879,  16766862,  16767435,  16768815
16768421,  16765879,  16768552,  16767707,  16768808
16768638,  16768638,  16768552,  16767964,  16768799
16769020,  16769020,  16768552,  16768383,  16768799
16768762,  16768762,  16768552,  16768683,  16768801
16769174,  16769174,  16768898,  16768725,  16768806
16767655,  16767655,  16768898,  16768607,  16768793
16766073,  16766073,  16768898,  16768315,  16766073
16766795,  16766795,  16768898,  16768067,  16766084
16767439,  16767439,  16766990,  16767944,  16766116
16771023,  16771023,  16766990,  16768242,  16771023
16772514,  16772514,  16766990,  16768679,  16771046
16770109,  16770109,  16766990,  16768847,  16771054
16770548,  16770548,  16771048,  16769019,  16771031
16770314,  16770314,  16771048,  16769351,  16771012
16769485,  16769485,  16771048,  16769778,  16770977
16770174,  16770174,  16771048,  16770200,  16770941
16769067,  16769067,  16769760,  16770404,  16770899
16769265,  16769265,  16769760,  16770184,  16769265
16769746,  16769067,  16769760,  16769838,  16769272
16769527,  16769067,  16769760,  16769765,  16769283
16769614,  16769067,  16769538,  16769649,  16769291
16767826,  16769067,  16769538,  16769338,  16769273
16766867,  16769067,  16769538,  16769010,  16766867
16768211,  16769067,  16769538,  16768765,  16766888
16767787,  16769067,  16767672,  16768605,  16766922
16768669,  16769067,  16767672,  16768530,  16766962
16770383,  16769067,  16767672,  16768610,  16770383
16770589,  16770589,  16767672,  16768743,  16770386
16768516,  16768516,  16769539,  16768606,  16770359
16769144,  16769144,  16769539,  16768770,  16770311
16769658,  16769658,  16769539,  16769119,  16770282
16768238,  16768238,  16769539,  16769123,  16770240
16766434,  16766434,  16768368,  16768953,  16766434
16765568,  16765568,  16768368,  16768566,  16766420
16765534,  16765534,  16768368,  16767960,  16766392
16766031,  16765568,  16768368,  16767390,  16766372
16765931,  16765568,  16765766,  16767067,  16766359
16765925,  16765568,  16765766,  16766664,  16766345
16765873,  16765568,  16765766,  16766191,  16766331
16766416,  16765568,  16765766,  16765964,  16766325
16766105,  16765568,  16766079,  16765922,  16766322
16765292,  16765568,  16766079,  16765888,  16766302
16765781,  16765568,  16766079,  16765919,  16766278
16765053,  16765568,  16766079,  16765797,  16766251
16764649,  16764649,  16765193,  16765636,  16766207
16764554,  16764554,  16765193,  16765465,  16764554
16765373,  16764649,  16765193,  16765402,  16764566
16765616,  16764649,  16765193,  16765302,  16764595
16767011,  16764649,  16765638,  16765416,  16767011
16767516,  16764649,  16765638,  16765694,  16767018
16765939,  16764649,  16765638,  16765713,  16767008
16763033,  16764649,  16765638,  16765461,  16763033
16762680,  16764649,  16764792,  16765215,  16763027
16762721,  16764649,  16764792,  16764986,  16763016
16762293,  16764649,  16764792,  16764601,  16763000
16763113,  16763113,  16764792,  16764288,  16762990
16763356,  16763356,  16762870,  16763831,  16762997
16760678,  16760678,  16762870,  16762976,  16762966
16759894,  16759894,  16762870,  16762221,  16759894
16761659,  16761659,  16762870,  16762049,  16759921
16760449,  16760449,  16760670,  16761770,  16759956
16759966,  16759966,  16760670,  16761426,  16759963
16758985,  16758985,  16760670,  16761012,  16759947
16760846,  16760846,  16760670,  16760729,  16759946
16761371,  16761371,  16760292,  16760481,  16759982
16761550,  16761550,  16760292,  16760590,  16760028
16762030,  16761371,  16760292,  16760857,  16762030
16762089,  16761371,  16760292,  16760910,  16762030
16760672,  16761371,  16761585,  16760938,  16762009
16760665,  16761371,  16761585,  16761026,  16761967
16761291,  16761291,  16761585,  16761314,  16761936
16762571,  16761371,  16761585,  16761529,  16761935
16763918,  16761371,  16762111,  16761848,  16761975
16763308,  16761371,  16762111,  16762068,  16763308
16764444,  16761371,  16762111,  16762369,  16763325
16765135,  16761371,  16762111,  16762750,  16763370
16763437,  16761371,  16764081,  16763096,  16763398
16763490,  16761371,  16764081,  16763449,  16763400
16763388,  16761371,  16764081,  16763711,  16763401
16761889,  16761371,  16764081,  16763626,  16763377
16761996,  16761996,  16762690,  16763385,  16763332
16765073,  16765073,  16762690,  16763606,  16763338
16765970,  16765970,  16762690,  16763797,  16765970
16764453,  16764453,  16762690,  16763712,  16765946
16766320,  16766320,  16765454,  16764072,  16765928
16768192,  16768192,  16765454,  16764660,  16765969
16766361,  16766361,  16765454,  16765031,  16766009
16763952,  16763952,  16765454,  16765289,  16765982
16762466,  16762466,  16765242,  16765348,  16762466
16763777,  16763777,  16765242,  16765186,  16762486
16764546,  16764546,  16765242,  16765008,  16764546
16763282,  16763282,  16765242,  16764862,  16764526
16763375,  16763375,  16763745,  16764493,  16764488
16764064,  16763282,  16763745,  16763977,  16764463
16763779,  16763282,  16763745,  16763655,  16764446
16763108,  16763108,  16763745,  16763549,  16764414
16764368,  16763282,  16763829,  16763787,  16764392
16764326,  16763282,  16763829,  16763856,  16764390
16764385,  16763282,  16763829,  16763835,  16764388
16765446,  16763282,  16763829,  16764106,  16764404
16763250,  16763250,  16764351,  16764090,  16764402
16763608,  16763282,  16764351,  16764033,  16764371
16764696,  16763282,  16764351,  16764148,  16764364
16766096,  16763282,  16764351,  16764521,  16764396
16767655,  16763282,  16765513,  16764932,  16767655
16768212,  16763282,  16765513,  16765418,  16767663
16768047,  16763282,  16765513,  16765876,  16767677
16767497,  16763282,  16765513,  16766132,  16767679
16766526,  16763282,  16767570,  16766542,  16767658
16767598,  16763282,  16767570,  16767040,  16767639
16768955,  16768955,  16767570,  16767573,  16767658
16768546,  16768546,  16767570,  16767879,  16767692
16767065,  16767065,  16768041,  16767805,  16767695
16767326,  16767326,  16768041,  16767695,  16767679
16764431,  16764431,  16768041,  16767243,  16764431
16764296,  16764296,  16768041,  16766842,  16764428
16763963,  16764431,  16765004,  16766522,  16764418
16764261,  16764261,  16765004,  16766105,  16764408
16763171,  16764431,  16765004,  16765382,  16764386
16764151,  16764431,  16765004,  16764833,  16764363
16766372,  16764431,  16764488,  16764746,  16764391
16764597,  16764597,  16764488,  16764405,  16764425
16765713,  16764431,  16764488,  16764565,  16764447
16765993,  16764431,  16764488,  16764777,  16764490
16765042,  16764431,  16765336,  16764912,  16764522
16764141,  16764431,  16765336,  16764897,  16764524
16764298,  16764298,  16765336,  16765038,  16764514
16763598,  16764431,  16765336,  16764969,  16764496
16764156,  16764431,  16764048,  16764692,  16764476
16763196,  16764431,  16764048,  16764517,  16764451
16764034,  16764431,  16764048,  16764307,  16764424
16763705,  16764431,  16764048,  16764021,  16764406
16763373,  16764431,  16763577,  16763812,  16764378
16763876,  16764431,  16763577,  16763779,  16764354
16764437,  16764437,  16763577,  16763796,  16764347
16764798,  16764431,  16763577,  16763946,  16764355
16763642,  16764431,  16764188,  16763882,  16764350
16763109,  16764431,  16764188,  16763871,  16764319
16762166,  16764431,  16764188,  16763638,  16762166
16763564,  16764431,  16764188,  16763620,  16762187
16764260,  16764260,  16763274,  16763731,  16764260
16764333,  16764333,  16763274,  16763788,  16764261
16764886,  16764431,  16763274,  16763844,  16764271
16766108,  16764431,  16763274,  16764008,  16764309
16765572,  16764431,  16765224,  16764249,  16764356
16767227,  16764431,  16765224,  16764764,  16767227
16768182,  16764431,  16765224,  16765516,  16767241
16766385,  16764431,  16765224,  16765869,  16767242
16767655,  16764431,  16767362,  16766293,  16767235
16767249,  16764431,  16767362,  16766658,  16767241
16767177,  16764431,  16767362,  16766944,  16767240
16767546,  16767546,  16767362,  16767124,  16767243
16766822,  16766822,  16767198,  16767280,  16767241
16767712,  16767712,  16767198,  16767341,  16767241
16765605,  16765605,  16767198,  16767018,  16767222
16766645,  16766645,  16767198,  16767051,  16767187
16767378,  16767378,  16766835,  16767016,  16767181
16766632,  16766632,  16766835,  16766939,  16767175
16767722,  16767722,  16766835,  16767007,  16767175
16767030,  16767030,  16766835,  16766943,  16767181
16766001,  16766001,  16766846,  16766840,  16767160
16764628,  16764628,  16766846,  16766455,  16764628
16765326,  16765326,  16766846,  16766420,  16764638
16765808,  16765808,  16766846,  16766315,  16764667
16766238,  16766238,  16765500,  16766173,  16764709
16765216,  16765216,  16765500,  16765996,  16764740
16764498,  16764498,  16765500,  16765593,  16764743
16765602,  16765602,  16765500,  16765414,  16764752
16764417,  16764417,  16764933,  16765216,  16764760
16765424,  16765424,  16764933,  16765316,  16764765
16765140,  16765140,  16764933,  16765292,  16764781
16764405,  16764405,  16764933,  16765117,  16764780
16763853,  16763853,  16764705,  16764819,  16764759
16764111,  16764111,  16764705,  16764681,  16764734
16763665,  16763665,  16764705,  16764577,  16764707
16764716,  16764716,  16764705,  16764466,  16764690
16765874,  16765874,  16764591,  16764648,  16764708
16767544,  16767544,  16764591,  16764913,  16767544
16767800,  16767800,  16764591,  16765246,  16767548
16765115,  16765115,  16764591,  16765334,  16767513
16764011,  16764011,  16766117,  16765354,  16764011
16763137,  16763137,  16766117,  16765232,  16763997
16761639,  16761639,  16766117,  16764979,  16761639
16763319,  16763319,  16766117,  16764804,  16761665
16765470,  16765470,  16763391,  16764754,  16765470
16766548,  16766548,  16763391,  16764629,  16765486
16764781,  16764781,  16763391,  16764252,  16765491
16763425,  16763425,  16763391,  16764041,  16765447
16761952,  16761952,  16764176,  16763783,  16761952
16761762,  16761762,  16764176,  16763612,  16761949
16761101,  16761952,  16764176,  16763544,  16761932
16760938,  16761952,  16764176,  16763247,  16761903
16762029,  16762029,  16761457,  16762817,  16761889
16761983,  16761983,  16761457,  16762246,  16761892
16761913,  16761913,  16761457,  16761887,  16761893
16762362,  16761952,  16761457,  16761755,  16761900
16762903,  16761952,  16762290,  16761873,  16761922
16761994,  16761994,  16762290,  16761902,  16761938
16759972,  16761952,  16762290,  16761761,  16761908
16760529,  16761952,  16762290,  16761710,  16760529
16761549,  16761952,  16761011,  16761650,  16760544
16762005,  16762005,  16761011,  16761653,  16760582
16763994,  16761952,  16761011,  16761913,  16763994
16764320,  16761952,  16761011,  16762158,  16763999
16763839,  16761952,  16763539,  16762275,  16764001
16763342,  16761952,  16763539,  16762443,  16763988
16762667,  16761952,  16763539,  16762780,  16763957
16761956,  16761956,  16763539,  16762959,  16761956
16762004,  16762004,  16762492,  16763015,  16761956
16762159,  16761952,  16762492,  16763035,  16761959
16762965,  16761952,  16762492,  16762906,  16761977
16762662,  16761952,  16762492,  16762699,  16762003
16761913,  16761913,  16762424,  16762458,  16762011
16759767,  16761952,  16762424,  16762011,  16761974
16760590,  16761952,  16762424,  16761752,  16760590
16761035,  16761952,  16762424,  16761636,  16760596
16759895,  16761952,  16760321,  16761373,  16760591
16761273,  16761952,  16760321,  16761262,  16760590
16763387,  16761952,  16760321,  16761315,  16763387
16765180,  16761952,  16760321,  16761630,  16763415
16766583,  16761952,  16764105,  16762213,  16766583
16764263,  16761952,  16764105,  16762775,  16766546
16763673,  16763673,  16764105,  16763161,  16763673
16765140,  16765140,  16764105,  16763674,  16763695
16765468,  16765468,  16764636,  16764370,  16763745
16764779,  16764779,  16764636,  16764809,  16763788
16764707,  16764707,  16764636,  16764974,  16763817
16764267,  16764779,  16764636,  16764860,  16763837
16763570,  16764779,  16764330,  16764483,  16763839
16765528,  16764779,  16764330,  16764641,  16763861
16765202,  16764779,  16764330,  16764832,  16763908
16762725,  16764779,  16764330,  16764530,  16763909
16762018,  16764779,  16763868,  16764099,  16763860
16763055,  16764779,  16763868,  16763884,  16763818
16763139,  16764779,  16763868,  16763688,  16763795
16762893,  16764779,  16763868,  16763516,  16763770
16764421,  16764421,  16763377,  16763622,  16763766
16761980,  16761980,  16763377,  16763179,  16763748
16763181,  16763181,  16763377,  16762926,  16763711
16764867,  16764867,  16763377,  16763194,  16763720
16764333,  16764333,  16763590,  16763483,  16763747
16763165,  16763165,  16763590,  16763497,  16763747
16763000,  16763000,  16763590,  16763480,  16763726
16762565,  16763165,  16763590,  16763439,  16763696
16764642,  16763165,  16763343,  16763466,  16763693
16765944,  16763165,  16763343,  16763962,  16763743
16763553,  16763165,  16763343,  16764008,  16763774
16763462,  16763165,  16763343,  16763833,  16763765
16761481,  16763165,  16763610,  16763476,  16763724
16759361,  16763165,  16763610,  16763001,  16759361
16759801,  16763165,  16763610,  16762601,  16759367
16759697,  16763165,  16763610,  16762242,  16759378
16762195,  16762195,  16760263,  16761936,  16759427
16763800,  16763800,  16760263,  16761668,  16763800
16763599,  16763599,  16760263,  16761674,  16763796
16762337,  16762337,  16760263,  16761533,  16763770
16764720,  16764720,  16763614,  16761938,  16763762
16765908,  16765908,  16763614,  16762757,  16763810
16763719,  16763719,  16763614,  16763246,  16763841
16763918,  16763918,  16763614,  16763774,  16763840
16763865,  16763865,  16764352,  16763983,  16763841
16763643,  16763643,  16764352,  16763963,  16763838
16765456,  16763719,  16764352,  16764195,  16763860
16765271,  16763719,  16764352,  16764562,  16763906
16762917,  16763719,  16764321,  16764337,  16763911
16763447,  16763719,  16764321,  16764029,  16763888
16761278,  16763719,  16764321,  16763724,  16763840
16763083,  16763719,  16764321,  16763620,  16763083
16763304,  16763719,  16762778,  16763549,  16763086
16762068,  16763719,  16762778,  16763353,  16763073
16760459,  16763719,  16762778,  16762728,  16760459
16762035,  16762035,  16762778,  16762323,  16760483
16763425,  16763425,  16761996,  16762387,  16763425
16763118,  16763118,  16761996,  16762346,  16763420
16763480,  16763480,  16761996,  16762621,  16763416
16763883,  16763883,  16761996,  16762721,  16763424
16764330,  16764330,  16763702,  16762849,  16763445
16764108,  16764108,  16763702,  16763104,  16763469
16764583,  16764583,  16763702,  16763620,  16763496
16765883,  16765883,  16763702,  16764101,  16765883
16765377,  16765377,  16764987,  16764345,  16765875
16765349,  16765349,  16764987,  16764624,  16765859
16764844,  16765377,  16764987,  16764794,  16765835
16763092,  16765377,  16764987,  16764695,  16763092
16764664,  16765377,  16764487,  16764737,  16763116
16763543,  16765377,  16764487,  16764666,  16763146
16762848,  16765377,  16764487,  16764450,  16763147
16765203,  16765203,  16764487,  16764365,  16763174
16766267,  16765377,  16764465,  16764476,  16766267
16767121,  16765377,  16764465,  16764697,  16766280
16767742,  16765377,  16764465,  16765060,  16766315
16767752,  16765377,  16764465,  16765642,  16766359
16767344,  16765377,  16767489,  16765977,  16766396
16763801,  16765377,  16767489,  16766009,  16766370
16764005,  16765377,  16767489,  16766154,  16764005
16765582,  16765377,  16767489,  16766201,  16764029
16766480,  16765377,  16764967,  16766228,  16766480
16764332,  16764332,  16764967,  16765879,  16766446
16764746,  16764746,  16764967,  16765505,  16764746
16764456,  16764456,  16764967,  16765093,  16764741
16763874,  16763874,  16764352,  16764659,  16764723
16763635,  16763635,  16764352,  16764638,  16764692
16762959,  16762959,  16764352,  16764508,  16764648
16764607,  16764607,  16764352,  16764386,  16764620
16764680,  16764680,  16763970,  16764161,  16764620
16764745,  16764745,  16763970,  16764212,  16764622
16766291,  16764607,  16763970,  16764405,  16764650
16766935,  16764607,  16763970,  16764715,  16766935
16766597,  16764607,  16766142,  16765056,  16766929
16766809,  16764607,  16766142,  16765452,  16766921
16766191,  16764607,  16766142,  16765856,  16766907
16765374,  16764607,  16766142,  16765952,  16766871
16765364,  16764607,  16765934,  16766038,  16766824
16764366,  16764607,  16765934,  16765990,  16764366
16764429,  16764429,  16765934,  16765758,  16764366
16765452,  16764607,  16765934,  16765572,  16764383
16765542,  16764607,  16764947,  16765440,  16764417
16765092,  16764607,  16764947,  16765226,  16764445
16763822,  16764607,  16764947,  16764930,  16764445
16764400,  16764607,  16764947,  16764808,  16764434
16763867,  16764607,  16764295,  16764621,  16764424
16764174,  16764607,  16764295,  16764597,  16764411
16764594,  16764594,  16764295,  16764617,  16764410
16765013,  16764607,  16764295,  16764563,  16764422
16766836,  16764607,  16765154,  16764724,  16764468
16766658,  16764607,  16765154,  16764920,  16766658
16765808,  16764607,  16765154,  16765168,  16766644
16766910,  16764607,  16765154,  16765482,  16766635
16768411,  16764607,  16766946,  16766050,  16766667
16768091,  16764607,  16766946,  16766540,  16766716
16767197,  16764607,  16766946,  16766865,  16766745
16767297,  16764607,  16766946,  16767151,  16766760
16766280,  16766280,  16767216,  16767081,  16766760
16765460,  16765460,  16767216,  16766931,  16766732
16768165,  16768165,  16767216,  16767226,  16766734
16769794,  16769794,  16767216,  16767586,  16769794
16766535,  16766535,  16767488,  16767352,  16766535
16765352,  16765352,  16767488,  16767010,  16766516
16764061,  16764061,  16767488,  16766618,  16764061
16762498,  16762498,  16767488,  16766018,  16764036
16762948,  16762948,  16763714,  16765601,  16763994
16763523,  16763523,  16763714,  16765359,  16763970
16763224,  16763224,  16763714,  16764741,  16763951
16763879,  16763879,  16763714,  16764002,  16763938
16763056,  16763056,  16763420,  16763567,  16763923
16764056,  16764056,  16763420,  16763405,  16763911
16764816,  16764816,  16763420,  16763500,  16763927
16766355,  16766355,  16763420,  16763982,  16766355
16767310,  16767310,  16765634,  16764527,  16766369
16766008,  16766008,  16765634,  16764838,  16766378
16764973,  16764973,  16765634,  16765056,  16766350
16765696,  16765696,  16765634,  16765283,  16766318
16765227,  16765227,  16765476,  16765555,  16766291
16764015,  16764015,  16765476,  16765550,  16764015
16763736,  16763736,  16765476,  16765415,  16764010
16763159,  16763159,  16765476,  16765015,  16763992
16763632,  16763632,  16763635,  16764555,  16763973
16763554,  16763554,  16763635,  16764249,  16763961
16763420,  16763632,  16763635,  16764054,  16763946
16764623,  16763632,  16763635,  16763920,  16763948
16765806,  16763632,  16764350,  16763993,  16763987
16761760,  16763632,  16764350,  16763711,  16763980
16761131,  16763632,  16764350,  16763385,  16761131
16761777,  16763632,  16764350,  16763212,  16761141
16762234,  16763632,  16761725,  16763038,  16761168
16762731,  16763632,  16761725,  16762935,  16761209
16762957,  16763632,  16761725,  16762877,  16762957
16761069,  16761069,  16761725,  16762433,  16762927
16759559,  16759559,  16761579,  16761652,  16759559
16759905,  16759905,  16761579,  16761420,  16759564
16764283,  16764283,  16761579,  16761814,  16764283
16765509,  16765509,  16761579,  16762280,  16764302
16764415,  16764415,  16763528,  16762553,  16764322
16765442,  16765442,  16763528,  16762892,  16764340
16764314,  16764314,  16763528,  16763062,  16764356
16761910,  16761910,  16763528,  16763167,  16764317
16763526,  16763526,  16763798,  16763663,  16764267
16764085,  16764085,  16763798,  16764185,  16764252
16765072,  16765072,  16763798,  16764284,  16764262
16765801,  16765801,  16763798,  16764320,  16764298
16766207,  16766207,  16765291,  16764544,  16766207
16763477,  16763477,  16765291,  16764299,  16766164
16761108,  16761108,  16765291,  16763898,  16761108
16764449,  16764449,  16765291,  16764215,  16764449
16764814,  16764814,  16763462,  16764376,  16764454
16763296,  16763296,  16763462,  16764278,  16764441
16762669,  16762669,  16763462,  16763977,  16764395
16763513,  16763513,  16763462,  16763691,  16764354
16764290,  16764290,  16763442,  16763452,  16764339
16765441,  16765441,  16763442,  16763697,  16764355
16767255,  16767255,  16763442,  16764465,  16767255
16766442,  16766442,  16763442,  16764715,  16767242
16767250,  16767250,  16766597,  16765019,  16767229
16766370,  16766370,  16766597,  16765403,  16767215
16765463,  16765463,  16766597,  16765753,  16767174
16765348,  16765348,  16766597,  16765982,  16765348
16766627,  16765463,  16765952,  16766274,  16765367
16766991,  16765463,  16765952,  16766468,  16765412
16764909,  16765463,  16765952,  16766175,  16765428
