10 00 00 C5 01 81 45
10 00 00 C5 14 96 CA 11 0F 00 01 02 39 55 DB BC 5A 00 00 00 00 00 00 00 4c 8D
10 00 00 C5 15 96 21 00 00 00 0a 00 02 39 00 00 0020 00 00 00 00 00 00 00 30 46
10 00 00 C5 15 96 01 00 00 00 0a 00 02 39 00 28 00 00 00 00 00 00 00 00 00 18 46
10 00 00 C5 01 04 C0
10 00 00 C5 01 02 c6
10 00 00 c5 01 80 44
10 00 00 C5 04 94 01 02 03 55
10 00 00 c5 01 f0 34
10 00 00 c5 01 f3 37
10 00 00 c5 01 f2 36
10 00 00 c5 01 f4 30
10 00 00 c5 01 f1 35
10 00 00 c5 01 f3 35
10 00 00 c5 01 e1 25
10 00 00 c5 01 e2 25
10 00 00 c5 01 e3 25
10 00 00 c5 01 e4 25
10 00 00 c5 01 e5 25
10 00 00 c5 01 e6 25
10 00 00 c5 01 e7 25
10 00 00 c5 01 e8 25
10 00 00 c5 01 e9 25
10 00 00 c5 01 f4 25
10 00 00 c5 01 f5 25
10 00 00 c5 01 f6 25
10 00 00 c5 01 f7 25
00 00 00 C5 01 81 45 00 00 00
10 00 00 C5 01 81 45 00 00 00
10 00 00 C5 15 96 CA 11 0F 00 01 02 39 55 DB BC 5A 00 00 00 00 00 00 00 4C 00 8C
00 00 00 C5 15 96 CA 11 0F 00 01 02 39 55 DB BC 5A 00 00 00 00 00 00 00 4C 00 8C
c5 03 00 00 00 C6
00 00 00 C5 15 94 01 02 03 04 05 06 07 08 09 10 11 12 13 14 15 16 17 18 19 00 44
10 00 00 c5 01 e2 26
10 00 00 c5 01 e0 24

00 00 00 C5 01 81 45
C5 01 81 45
10 00 00 C5 01 80 44
00 00 00 00 c5 01 e1 25
10 00 00 c5 01 74 B0
35 03 c8 b2 1e d7 dd 05
35 03 c8 b2 1e d7 dd 06
35 03 c8 b2 1e d7 dd 66
53 03 00 00 00 00 00 00 00
35 03 00 00 00 00 00 00 00
03 c8 b2 1e d7 dd 06
35 03 c8 b2 1e d7 dd 06 00
C5 15 94 01 02 03 04 05 06 07 08 09 10 11 12 13 14 15 16 17 18 19 00 44
4d 53 01 34 09
4d 53 01 ff 09
4d 53 01 ff 01
4d 53 01 ff 02
4d 53 01 33 02
4d 53 01 33 09
4d 53 01 33 05
4d 53 01 16 100
4d 53 01 44 100
4d 53 01 01 100
4d 53 02 02 100
4d 53 10 02 100
4d 53 20 04 100
4d 53 30 04 100
4d 53 30 05 100
4d 53 30 05 14
4d 53 30 ff
4d 53 30 55
4d 3 30 55
4d 53 03 04 100
4d 53 03 50 100
4d 53 03 50 55
4d 53 06 50 55
4d 53 09 50 55
4d 53 04 50 55
4d 53 01 50 55
4d 53 02 50 55
