8928265
8928651
8928731
8929302
8928742
8928613
8929082
8928502
8928366
8928714
8928816
8928766
8928896
8928570
8929064
8929042
8928710
8929076
8928445
8928428
8928864
8928565
8928601
8928857
8928425
8928873
8928909
8928695
8929216
8928694
8928516
8929351
8928517
8928503
8929043
8928845
8929112
8928731
8928385
8929017
8928610
8928466
8929018
8928515
8928568
8928738
8928373
8928900
8928798
8929124
8928992
8928580
8928614
8928686
8928290
8928258
8928672
8928583
8929356
8928692
8928418
8929001
8928513
8928582
8929179
8928770
8928691
8928947
8928848
8929225
8929410
8928445
8928653
8928885
8928387
8928745
8927967
8928448
8929102
8928483
8928520
8928759
8928122
8928874
8928388
8928385
8928756
8928308
8928525
8929042
8927983
8928652
8928788
8928393
8928730
8928660
8928367
8928879
8928453
8928339
8928638
8928526
8928468
8928712
8928685
8929054
8929133
8928925
8929255
8929058
8928792
8928545
8928412
8928667
8928832
8928374
8928983
8929001
8928614
8929322
8929005
8928654
8929198
8928417
8928753
8928979
8928536
8928868
8928728
8928372
8928695
8929195
8928695
8929326
8929032
8928653
8929042
8928126
8928799
8929195
8928639
8928898
8928661
8928443
8928961
8928655
8928491
8928935
8928561
8929013
8928942
8928297
8929264
8928772
8928556
8928821
8928559
8928636
8929023
8928275
8928893
8928813
8928625
8929176
8928911
8928358
8928868
8928992
8928567
8929044
8928503
8928706
8929285
8928344
8929029
8928898
8928179
8929056
8928800
8928431
8929183
8928499
8928706
8928601
8928401
8928892
8928685
8928010
8928872
8928770
8928632
8928769
8928353
8928672
8929039
8928791
8928827
8929026
8928499
8928819
8928660
8928450
8929354
8928711
8929029
8929324
8928343
8928668
8928723
8928366
8928849
8928947
8928764
8929244
8928561
8928427
8928953
8928011
8928747
8929019
8928728
8928687
8928519
8928689
8928922
8928612
8928402
8928781
8928488
8928988
8928651
8928060
8928797
8928661
8928398
8928820
8928842
8928041
8928811
8928369
8928326
8929170
8928470
8928969
8929389
8928262
