8929018
8928515
8928568
8928738
8928373
8928900
8928798
8929124
8928992
8928580
8928614
8928686
8928290
8928258
8928672
8928583
8929356
8928692
8928418
8929001
8928513
8928582
8929179
8928770
8928691
8928947
8928848
8929225
8929410
8928445
8928653
8928885
8928387
8928745
8927967
8928448
8929102
8928483
8928520
8928759
8928122
8928874
8928388
8928385
8928756
8928308
8928525
8929042
8927983
8928652
8928788
8928393
8928730
8928660
8928367
8928879
8928453
8928339
8928638
8928526
8928468
8928712
8928685
8929054
8929133
8928925
8929255
8929058
8928792
8928545
8928412
8928667
8928832
8928374
8928983
8929001
8928614
8929322
8929005
8928654
8929198
8928417
8928753
8928979
8928536
8928868
8928728
8928372
8928695
8929195
8928695
8929326
8929032
8928653
8929042
8928126
8928799
8929195
8928639
8928898
8928661
8928443
8928961
8928655
8928491
8928935
8928561
8929013
8928942
8928297
8929264
8928772

